"1",1,0.00980392156862745,0.00179141466107168,"Kidney Chromophobe","Primary Tumor"
"2",1,0.00980392156862745,0.00179141466107168,"Kidney Chromophobe","Primary Tumor"
"3",1,0.00980674935102394,0.00180024022606675,"Kidney Chromophobe","Primary Tumor"
"4",1,0.00980957876514714,0.002376627479815,"Kidney Chromophobe","Primary Tumor"
"5",1,0.00981240981240981,0.00238502353377318,"Kidney Chromophobe","Primary Tumor"
"6",1,0.00981524249422633,0.00251222060757286,"Kidney Chromophobe","Primary Tumor"
"7",1,0.00981807681201271,0.00263577821802169,"Kidney Chromophobe","Primary Tumor"
"8",1,0.0098209127671866,0.00269942936126606,"Kidney Chromophobe","Primary Tumor"
"9",1,0.00982375036116729,0.00271301582797022,"Kidney Chromophobe","Primary Tumor"
"10",1,0.00982658959537572,0.00271327233645272,"Kidney Chromophobe","Primary Tumor"
"11",1,0.00982943047123446,0.00277823381906641,"Kidney Chromophobe","Primary Tumor"
"12",1,0.00983227299016773,0.00286603257631646,"Kidney Chromophobe","Primary Tumor"
"13",1,0.00983511715360139,0.00291936570193795,"Kidney Chromophobe","Primary Tumor"
"14",1,0.00983796296296296,0.00296051067315743,"Kidney Chromophobe","Primary Tumor"
"15",1,0.00984081041968162,0.00296310744761357,"Kidney Chromophobe","Primary Tumor"
"16",1,0.00984365952518819,0.00316216325119135,"Kidney Chromophobe","Primary Tumor"
"17",1,0.00984651028091515,0.00329250374616977,"Kidney Chromophobe","Primary Tumor"
"18",1,0.00984936268829664,0.00355699924579444,"Kidney Chromophobe","Primary Tumor"
"19",1,0.00985221674876847,0.00357432251152781,"Kidney Chromophobe","Primary Tumor"
"20",1,0.00985507246376812,0.00361240428410485,"Kidney Chromophobe","Primary Tumor"
"21",1,0.00985792983473471,0.00372460374483956,"Kidney Chromophobe","Primary Tumor"
"22",1,0.00986078886310905,0.0037764345914704,"Kidney Chromophobe","Primary Tumor"
"23",1,0.00986364955033362,0.00381956804352279,"Kidney Chromophobe","Primary Tumor"
"24",1,0.00986651189785258,0.00393048596256199,"Kidney Chromophobe","Primary Tumor"
"25",1,0.00986937590711176,0.00394855191501889,"Kidney Chromophobe","Primary Tumor"
"26",1,0.00987224157955865,0.00395419112394763,"Kidney Chromophobe","Primary Tumor"
"27",1,0.00987510891664246,0.00397304142273422,"Kidney Chromophobe","Primary Tumor"
"28",1,0.00987797791981406,0.00399887064265552,"Kidney Chromophobe","Primary Tumor"
"29",1,0.00988084859052601,0.0041245539693102,"Kidney Chromophobe","Primary Tumor"
"30",1,0.00988372093023256,0.00416925348206612,"Kidney Chromophobe","Primary Tumor"
"31",1,0.00988659494038965,0.00418197435710673,"Kidney Chromophobe","Primary Tumor"
"32",1,0.00988947062245491,0.00423031234560405,"Kidney Chromophobe","Primary Tumor"
"33",1,0.00989234797788769,0.00431511628031917,"Kidney Chromophobe","Primary Tumor"
"34",1,0.00989522700814901,0.0044259663206259,"Kidney Chromophobe","Primary Tumor"
"35",1,0.0098981077147016,0.00443654858656702,"Kidney Chromophobe","Primary Tumor"
"36",1,0.0099009900990099,0.00443821002825928,"Kidney Chromophobe","Primary Tumor"
"37",1,0.00990387416254005,0.00444926886624476,"Kidney Chromophobe","Primary Tumor"
"38",1,0.00990675990675991,0.00448189901372207,"Kidney Chromophobe","Primary Tumor"
"39",1,0.00990964733313903,0.00451469639814847,"Kidney Chromophobe","Primary Tumor"
"40",1,0.00991253644314869,0.00457907180093371,"Kidney Chromophobe","Primary Tumor"
"41",1,0.00991542723826188,0.00461134607902613,"Kidney Chromophobe","Primary Tumor"
"42",1,0.00991831971995333,0.00476404292630392,"Kidney Chromophobe","Primary Tumor"
"43",1,0.00992121388969945,0.00498242952883852,"Kidney Chromophobe","Primary Tumor"
"44",1,0.0099241097489784,0.00498414905341744,"Kidney Chromophobe","Primary Tumor"
"45",1,0.00992700729927007,0.00498835269744071,"Kidney Chromophobe","Primary Tumor"
"46",1,0.00992990654205607,0.00518094308882255,"Kidney Chromophobe","Primary Tumor"
"47",1,0.00993280747881975,0.00522293891862442,"Kidney Chromophobe","Primary Tumor"
"48",1,0.00993571011104617,0.00527180507732371,"Kidney Chromophobe","Primary Tumor"
"49",1,0.00993861444022216,0.00529165253925863,"Kidney Chromophobe","Primary Tumor"
"50",1,0.00994152046783626,0.00533109292698928,"Kidney Chromophobe","Primary Tumor"
"51",1,0.00994442819537877,0.0053742014699374,"Kidney Chromophobe","Primary Tumor"
"52",1,0.00994733762434172,0.00540173405519549,"Kidney Chromophobe","Primary Tumor"
"53",1,0.00995024875621891,0.005432332521901,"Kidney Chromophobe","Primary Tumor"
"54",1,0.00995316159250586,0.00544222880168616,"Kidney Chromophobe","Primary Tumor"
"55",1,0.00995607613469985,0.00546221662102087,"Kidney Chromophobe","Primary Tumor"
"56",1,0.00995899238429994,0.00547203031043779,"Kidney Chromophobe","Primary Tumor"
"57",1,0.00996191034280691,0.00549100597176424,"Kidney Chromophobe","Primary Tumor"
"58",1,0.00996483001172333,0.00549130808244532,"Kidney Chromophobe","Primary Tumor"
"59",1,0.00997067448680352,0.0055003515667357,"Kidney Chromophobe","Primary Tumor"
"60",1,0.00997652582159624,0.00550895068338321,"Kidney Chromophobe","Primary Tumor"
"61",1,0.00997945406515996,0.00556035756428667,"Kidney Chromophobe","Primary Tumor"
"62",1,0.00998238402818555,0.00557377891573076,"Kidney Chromophobe","Primary Tumor"
"63",1,0.00998531571218796,0.00559533135185617,"Kidney Chromophobe","Primary Tumor"
"64",1,0.0099882491186839,0.00569883084337552,"Kidney Chromophobe","Primary Tumor"
"65",1,0.00999118424919189,0.00580115429481125,"Kidney Chromophobe","Primary Tumor"
"66",1,0.00999412110523222,0.0058133850423616,"Kidney Chromophobe","Primary Tumor"
"67",1,0.00999705968832696,0.00581513176261928,"Kidney Chromophobe","Primary Tumor"
"68",1,0.01,0.00591232262420329,"Kidney Chromophobe","Primary Tumor"
"69",1,0.010002942041777,0.00595695747260505,"Kidney Chromophobe","Primary Tumor"
"70",1,0.0100058858151854,0.00596068934962139,"Kidney Chromophobe","Primary Tumor"
"71",1,0.0100088313217545,0.00598621880088959,"Kidney Chromophobe","Primary Tumor"
"72",1,0.0100117785630153,0.00605585745962954,"Kidney Chromophobe","Primary Tumor"
"73",1,0.0100147275405007,0.00611210853040688,"Kidney Chromophobe","Primary Tumor"
"74",1,0.0100176782557454,0.00611588265552226,"Kidney Chromophobe","Primary Tumor"
"75",1,0.0100206307102859,0.00611733576680913,"Kidney Chromophobe","Primary Tumor"
"76",1,0.0100235849056604,0.00618399076813105,"Kidney Chromophobe","Primary Tumor"
"77",1,0.010026540843409,0.00619094610956821,"Kidney Chromophobe","Primary Tumor"
"78",1,0.0100294985250737,0.00619608456977107,"Kidney Chromophobe","Primary Tumor"
"79",1,0.0100324579521983,0.00621160569336985,"Kidney Chromophobe","Primary Tumor"
"80",1,0.0100354191263282,0.00626044000968211,"Kidney Chromophobe","Primary Tumor"
"81",1,0.0100383820490109,0.00626947840940096,"Kidney Chromophobe","Primary Tumor"
"82",1,0.0100413467217956,0.00629664318239751,"Kidney Chromophobe","Primary Tumor"
"83",1,0.0100443131462334,0.00631212267156852,"Kidney Chromophobe","Primary Tumor"
"84",1,0.0100472813238771,0.00641130938248794,"Kidney Chromophobe","Primary Tumor"
"85",1,0.0100502512562814,0.00643974635236781,"Kidney Chromophobe","Primary Tumor"
"86",1,0.010053222945003,0.00645161845066478,"Kidney Chromophobe","Primary Tumor"
"87",1,0.0100561963916001,0.00645788281148214,"Kidney Chromophobe","Primary Tumor"
"88",1,0.0100591715976331,0.00645940858684703,"Kidney Chromophobe","Primary Tumor"
"89",1,0.0100621485646641,0.00658563193608333,"Kidney Chromophobe","Primary Tumor"
"90",1,0.010065127294257,0.00658655696483412,"Kidney Chromophobe","Primary Tumor"
"91",1,0.0100681077879775,0.00664646948572128,"Kidney Chromophobe","Primary Tumor"
"92",1,0.0100710900473934,0.00665018395827459,"Kidney Chromophobe","Primary Tumor"
"93",1,0.0100740740740741,0.00666179634236442,"Kidney Chromophobe","Primary Tumor"
"94",1,0.010077059869591,0.00671212493935384,"Kidney Chromophobe","Primary Tumor"
"95",1,0.0100800474355173,0.00671785543207101,"Kidney Chromophobe","Primary Tumor"
"96",1,0.0100830367734282,0.00673586334274532,"Kidney Chromophobe","Primary Tumor"
"97",1,0.0100890207715134,0.00677167802787791,"Kidney Chromophobe","Primary Tumor"
"98",1,0.0100920154348471,0.00702201475177661,"Kidney Chromophobe","Primary Tumor"
"99",1,0.0100950118764846,0.00706673239371932,"Kidney Chromophobe","Primary Tumor"
"100",1,0.0100980100980101,0.00709087609624254,"Kidney Chromophobe","Primary Tumor"
"101",1,0.0101010101010101,0.00710536686941567,"Kidney Chromophobe","Primary Tumor"
"102",1,0.0101040118870728,0.007203452776926,"Kidney Chromophobe","Primary Tumor"
"103",1,0.0101070154577883,0.00724354239803809,"Kidney Chromophobe","Primary Tumor"
"104",1,0.0101100208147487,0.00726099008299084,"Kidney Chromophobe","Primary Tumor"
"105",1,0.0101130279595479,0.00730528489465172,"Kidney Chromophobe","Primary Tumor"
"106",1,0.0101160368937816,0.00734200552690941,"Kidney Chromophobe","Primary Tumor"
"107",1,0.0101190476190476,0.00738023270577724,"Kidney Chromophobe","Primary Tumor"
"108",1,0.0101220601369455,0.00746535106804031,"Kidney Chromophobe","Primary Tumor"
"109",1,0.0101250744490768,0.00752369920839232,"Kidney Chromophobe","Primary Tumor"
"110",1,0.010128090557045,0.00754645326811375,"Kidney Chromophobe","Primary Tumor"
"111",1,0.0101311084624553,0.00765515143460591,"Kidney Chromophobe","Primary Tumor"
"112",1,0.0101341281669151,0.00765740913643762,"Kidney Chromophobe","Primary Tumor"
"113",1,0.0101371496720334,0.0078983325130191,"Kidney Chromophobe","Primary Tumor"
"114",1,0.0101401729794214,0.0078989724839223,"Kidney Chromophobe","Primary Tumor"
"115",1,0.0101431980906921,0.00794167507962143,"Kidney Chromophobe","Primary Tumor"
"116",1,0.0101462250074605,0.00796345475587995,"Kidney Chromophobe","Primary Tumor"
"117",1,0.0101492537313433,0.00797847765114798,"Kidney Chromophobe","Primary Tumor"
"118",1,0.0101522842639594,0.00800147228157019,"Kidney Chromophobe","Primary Tumor"
"119",1,0.0101553166069295,0.00810136249356679,"Kidney Chromophobe","Primary Tumor"
"120",1,0.0101583507618763,0.00810174320424993,"Kidney Chromophobe","Primary Tumor"
"121",1,0.0101613867304244,0.00818255113723596,"Kidney Chromophobe","Primary Tumor"
"122",1,0.0101644245142003,0.00820022481529662,"Kidney Chromophobe","Primary Tumor"
"123",1,0.0101674641148325,0.0082479643722389,"Kidney Chromophobe","Primary Tumor"
"124",1,0.0101705055339515,0.00830833553415695,"Kidney Chromophobe","Primary Tumor"
"125",1,0.0101735487731897,0.00836044237071284,"Kidney Chromophobe","Primary Tumor"
"126",1,0.0101765938341814,0.00847402967631178,"Kidney Chromophobe","Primary Tumor"
"127",1,0.0101796407185629,0.00850439764185559,"Kidney Chromophobe","Primary Tumor"
"128",1,0.0101826894279724,0.00852805865255342,"Kidney Chromophobe","Primary Tumor"
"129",1,0.0101857399640503,0.00853311557758644,"Kidney Chromophobe","Primary Tumor"
"130",1,0.0101887923284387,0.00854747302151849,"Kidney Chromophobe","Primary Tumor"
"131",1,0.0101918465227818,0.00861553080183612,"Kidney Chromophobe","Primary Tumor"
"132",1,0.0101949025487256,0.00865246582685134,"Kidney Chromophobe","Primary Tumor"
"133",1,0.0101979604079184,0.00868632745696625,"Kidney Chromophobe","Primary Tumor"
"134",1,0.0102010201020102,0.00868967429766389,"Kidney Chromophobe","Primary Tumor"
"135",1,0.0102040816326531,0.00873140339979799,"Kidney Chromophobe","Primary Tumor"
"136",1,0.0102071450015011,0.00873982986138215,"Kidney Chromophobe","Primary Tumor"
"137",1,0.0102102102102102,0.00874741729661764,"Kidney Chromophobe","Primary Tumor"
"138",1,0.0102132772604386,0.00885156124806284,"Kidney Chromophobe","Primary Tumor"
"139",1,0.0102163461538462,0.00885662243180613,"Kidney Chromophobe","Primary Tumor"
"140",1,0.010219416892095,0.00889035340248513,"Kidney Chromophobe","Primary Tumor"
"141",1,0.0102224894768491,0.00889424819932659,"Kidney Chromophobe","Primary Tumor"
"142",1,0.0102255639097744,0.00889978703881823,"Kidney Chromophobe","Primary Tumor"
"143",1,0.0102286401925391,0.00894980445360967,"Kidney Chromophobe","Primary Tumor"
"144",1,0.0102317183268131,0.00896488882189203,"Kidney Chromophobe","Primary Tumor"
"145",1,0.0102347983142685,0.00897086705362817,"Kidney Chromophobe","Primary Tumor"
"146",1,0.0102378801565793,0.00901901104515227,"Kidney Chromophobe","Primary Tumor"
"147",1,0.0102409638554217,0.0090330006340711,"Kidney Chromophobe","Primary Tumor"
"148",1,0.0102440494124736,0.00904861193852096,"Kidney Chromophobe","Primary Tumor"
"149",1,0.0102471368294153,0.00913097751156484,"Kidney Chromophobe","Primary Tumor"
"150",1,0.0102502261079289,0.00915233691495373,"Kidney Chromophobe","Primary Tumor"
"151",1,0.0102533172496984,0.00923019462469576,"Kidney Chromophobe","Primary Tumor"
"152",1,0.0102564102564103,0.00923718790654967,"Kidney Chromophobe","Primary Tumor"
"153",1,0.0102595051297526,0.00925567642995355,"Kidney Chromophobe","Primary Tumor"
"154",1,0.0102626018714156,0.00928723564929919,"Kidney Chromophobe","Primary Tumor"
"155",1,0.0102657004830918,0.00929462005147308,"Kidney Chromophobe","Primary Tumor"
"156",1,0.0102688009664754,0.00937699946806789,"Kidney Chromophobe","Primary Tumor"
"157",1,0.0102719033232628,0.00945849754382844,"Kidney Chromophobe","Primary Tumor"
"158",1,0.0102750075551526,0.00946254364586009,"Kidney Chromophobe","Primary Tumor"
"159",1,0.0102781136638452,0.00953408523528298,"Kidney Chromophobe","Primary Tumor"
"160",1,0.0102812216510432,0.00958299564086175,"Kidney Chromophobe","Primary Tumor"
"161",1,0.0102843315184513,0.00959391787626724,"Kidney Chromophobe","Primary Tumor"
"162",1,0.0102874432677761,0.00964118694921374,"Kidney Chromophobe","Primary Tumor"
"163",1,0.0102905569007264,0.00965632822633151,"Kidney Chromophobe","Primary Tumor"
"164",1,0.010293672419013,0.00973345177116889,"Kidney Chromophobe","Primary Tumor"
"165",1,0.0102967898243489,0.00973531662943688,"Kidney Chromophobe","Primary Tumor"
"166",1,0.010299909118449,0.0097597930178266,"Kidney Chromophobe","Primary Tumor"
"167",1,0.0103030303030303,0.00977970864867361,"Kidney Chromophobe","Primary Tumor"
"168",1,0.0103061533798121,0.00980005054044571,"Kidney Chromophobe","Primary Tumor"
"169",1,0.0103092783505155,0.00984387365056759,"Kidney Chromophobe","Primary Tumor"
"170",1,0.0103124052168638,0.00985970710534077,"Kidney Chromophobe","Primary Tumor"
"171",1,0.0103155339805825,0.00991185358794255,"Kidney Chromophobe","Primary Tumor"
"172",1,0.0103186646433991,0.00998373070585346,"Kidney Chromophobe","Primary Tumor"
"173",1,0.0103217972070431,0.00999181972349615,"Kidney Chromophobe","Primary Tumor"
"174",1,0.0103249316732463,0.0100074937170572,"Kidney Chromophobe","Primary Tumor"
"175",1,0.0103280680437424,0.0100266626576162,"Kidney Chromophobe","Primary Tumor"
"176",1,0.0103312063202674,0.0100325458793008,"Kidney Chromophobe","Primary Tumor"
"177",1,0.0103343465045593,0.0100604046030352,"Kidney Chromophobe","Primary Tumor"
"178",1,0.0103374885983582,0.0101002822865026,"Kidney Chromophobe","Primary Tumor"
"179",1,0.0103406326034063,0.0101092010829232,"Kidney Chromophobe","Primary Tumor"
"180",1,0.0103437785214481,0.0101187137303928,"Kidney Chromophobe","Primary Tumor"
"181",1,0.0103469263542301,0.0101189985151027,"Kidney Chromophobe","Primary Tumor"
"182",1,0.0103500761035008,0.0101991145472505,"Kidney Chromophobe","Primary Tumor"
"183",1,0.010353227771011,0.0102537446061222,"Kidney Chromophobe","Primary Tumor"
"184",1,0.0103563813585136,0.0102592959395844,"Kidney Chromophobe","Primary Tumor"
"185",1,0.0103595368677636,0.0102995944827308,"Kidney Chromophobe","Primary Tumor"
"186",1,0.0103626943005181,0.0104354501799529,"Kidney Chromophobe","Primary Tumor"
"187",1,0.0103658536585366,0.0104578407865092,"Kidney Chromophobe","Primary Tumor"
"188",1,0.0103690149435804,0.0104983293308825,"Kidney Chromophobe","Primary Tumor"
"189",1,0.0103721781574131,0.0105126330000427,"Kidney Chromophobe","Primary Tumor"
"190",1,0.0103753433018004,0.0105276035797922,"Kidney Chromophobe","Primary Tumor"
"191",1,0.0103785103785104,0.0105646116578121,"Kidney Chromophobe","Primary Tumor"
"192",1,0.010381679389313,0.0106111347241133,"Kidney Chromophobe","Primary Tumor"
"193",1,0.0103848503359805,0.0106214315446166,"Kidney Chromophobe","Primary Tumor"
"194",1,0.0103880232202872,0.0106913881583191,"Kidney Chromophobe","Primary Tumor"
"195",1,0.0103911980440098,0.0107047259275745,"Kidney Chromophobe","Primary Tumor"
"196",1,0.0103943748089269,0.0107213044365021,"Kidney Chromophobe","Primary Tumor"
"197",1,0.0103975535168196,0.0107281304756788,"Kidney Chromophobe","Primary Tumor"
"198",1,0.0104007341694708,0.0107392336704048,"Kidney Chromophobe","Primary Tumor"
"199",1,0.0104039167686659,0.0107792491981387,"Kidney Chromophobe","Primary Tumor"
"200",1,0.0104071013161922,0.0108251390027667,"Kidney Chromophobe","Primary Tumor"
"201",1,0.0104102878138396,0.0108795150318337,"Kidney Chromophobe","Primary Tumor"
"202",1,0.0104134762633997,0.0108847196232574,"Kidney Chromophobe","Primary Tumor"
"203",1,0.0104166666666667,0.0108969632776905,"Kidney Chromophobe","Primary Tumor"
"204",1,0.0104198590254367,0.010900518196242,"Kidney Chromophobe","Primary Tumor"
"205",1,0.0104230533415083,0.0109784486415518,"Kidney Chromophobe","Primary Tumor"
"206",1,0.010426249616682,0.0109845461246054,"Kidney Chromophobe","Primary Tumor"
"207",1,0.0104294478527607,0.010986701634253,"Kidney Chromophobe","Primary Tumor"
"208",1,0.0104326480515496,0.0109887895675508,"Kidney Chromophobe","Primary Tumor"
"209",1,0.0104358502148557,0.0109893641095968,"Kidney Chromophobe","Primary Tumor"
"210",1,0.0104390543444888,0.0110131698127218,"Kidney Chromophobe","Primary Tumor"
"211",1,0.0104422604422604,0.0110201950003235,"Kidney Chromophobe","Primary Tumor"
"212",1,0.0104454685099846,0.0110528610746736,"Kidney Chromophobe","Primary Tumor"
"213",1,0.0104486785494776,0.0110745143377059,"Kidney Chromophobe","Primary Tumor"
"214",1,0.0104518905625576,0.0110864223714134,"Kidney Chromophobe","Primary Tumor"
"215",1,0.0104551045510455,0.0111002002591978,"Kidney Chromophobe","Primary Tumor"
"216",1,0.0104583205167641,0.0111075617181214,"Kidney Chromophobe","Primary Tumor"
"217",1,0.0104615384615385,0.0111183466443738,"Kidney Chromophobe","Primary Tumor"
"218",1,0.0104647583871961,0.0111365109303267,"Kidney Chromophobe","Primary Tumor"
"219",1,0.0104679802955665,0.0111382586408522,"Kidney Chromophobe","Primary Tumor"
"220",1,0.0104712041884817,0.0111471462035866,"Kidney Chromophobe","Primary Tumor"
"221",1,0.0104744300677757,0.0111600157836843,"Kidney Chromophobe","Primary Tumor"
"222",1,0.0104776579352851,0.0111636686127384,"Kidney Chromophobe","Primary Tumor"
"223",1,0.0104808877928483,0.0111817958593179,"Kidney Chromophobe","Primary Tumor"
"224",1,0.0104841196423065,0.0112507099395065,"Kidney Chromophobe","Primary Tumor"
"225",1,0.0104873534855028,0.0112581119238917,"Kidney Chromophobe","Primary Tumor"
"226",1,0.0104905893242826,0.0112831572560503,"Kidney Chromophobe","Primary Tumor"
"227",1,0.0104938271604938,0.011303428604488,"Kidney Chromophobe","Primary Tumor"
"228",1,0.0104970669959864,0.0113134529767362,"Kidney Chromophobe","Primary Tumor"
"229",1,0.0105003088326127,0.0113203316894858,"Kidney Chromophobe","Primary Tumor"
"230",1,0.0105035526722274,0.0113256184639101,"Kidney Chromophobe","Primary Tumor"
"231",1,0.0105067985166873,0.0113370870728106,"Kidney Chromophobe","Primary Tumor"
"232",1,0.0105100463678516,0.0113653130412351,"Kidney Chromophobe","Primary Tumor"
"233",1,0.0105132962275819,0.0113945602446367,"Kidney Chromophobe","Primary Tumor"
"234",1,0.010516548097742,0.0114834605585342,"Kidney Chromophobe","Primary Tumor"
"235",1,0.010519801980198,0.0114915838853517,"Kidney Chromophobe","Primary Tumor"
"236",1,0.0105230578768183,0.0115443016941717,"Kidney Chromophobe","Primary Tumor"
"237",1,0.0105263157894737,0.011549757358337,"Kidney Chromophobe","Primary Tumor"
"238",1,0.0105295757200372,0.0115574008644305,"Kidney Chromophobe","Primary Tumor"
"239",1,0.0105328376703841,0.0115616285054743,"Kidney Chromophobe","Primary Tumor"
"240",1,0.0105361016423923,0.0115678644276447,"Kidney Chromophobe","Primary Tumor"
"241",1,0.0105393676379417,0.0115682183036651,"Kidney Chromophobe","Primary Tumor"
"242",1,0.0105426356589147,0.0116284096405699,"Kidney Chromophobe","Primary Tumor"
"243",1,0.010545905707196,0.0116513760753311,"Kidney Chromophobe","Primary Tumor"
"244",1,0.0105491777846727,0.0116668780932107,"Kidney Chromophobe","Primary Tumor"
"245",1,0.010552451893234,0.0117065532482446,"Kidney Chromophobe","Primary Tumor"
"246",1,0.0105557280347718,0.0117218980858671,"Kidney Chromophobe","Primary Tumor"
"247",1,0.0105590062111801,0.0117349683747725,"Kidney Chromophobe","Primary Tumor"
"248",1,0.0105622864243554,0.0117432270213751,"Kidney Chromophobe","Primary Tumor"
"249",1,0.0105655686761964,0.0117771023825349,"Kidney Chromophobe","Primary Tumor"
"250",1,0.0105688529686043,0.0117922971787057,"Kidney Chromophobe","Primary Tumor"
"251",1,0.0105721393034826,0.0118185783026425,"Kidney Chromophobe","Primary Tumor"
"252",1,0.0105754276827372,0.011876101112003,"Kidney Chromophobe","Primary Tumor"
"253",1,0.0105787181082763,0.0119148425569463,"Kidney Chromophobe","Primary Tumor"
"254",1,0.0105820105820106,0.0119182820244552,"Kidney Chromophobe","Primary Tumor"
"255",1,0.0105853051058531,0.011919866870309,"Kidney Chromophobe","Primary Tumor"
"256",1,0.0105886016817191,0.011923870494766,"Kidney Chromophobe","Primary Tumor"
"257",1,0.0105919003115265,0.0119421322664841,"Kidney Chromophobe","Primary Tumor"
"258",1,0.0105952009971954,0.0120024996267432,"Kidney Chromophobe","Primary Tumor"
"259",1,0.0105985037406484,0.0120375233141061,"Kidney Chromophobe","Primary Tumor"
"260",1,0.0106018085438104,0.012039809428256,"Kidney Chromophobe","Primary Tumor"
"261",1,0.0106051154086089,0.0120520663037173,"Kidney Chromophobe","Primary Tumor"
"262",1,0.0106084243369735,0.0121033086594578,"Kidney Chromophobe","Primary Tumor"
"263",1,0.0106117353308365,0.0121049753120656,"Kidney Chromophobe","Primary Tumor"
"264",1,0.0106150483921324,0.012112695977507,"Kidney Chromophobe","Primary Tumor"
"265",1,0.0106183635227983,0.012131927214944,"Kidney Chromophobe","Primary Tumor"
"266",1,0.0106216807247735,0.0121533449536149,"Kidney Chromophobe","Primary Tumor"
"267",1,0.010625,0.0121794523869048,"Kidney Chromophobe","Primary Tumor"
"268",1,0.010628321350422,0.0122124124876479,"Kidney Chromophobe","Primary Tumor"
"269",1,0.0106316447779862,0.012220044194204,"Kidney Chromophobe","Primary Tumor"
"270",1,0.0106349702846419,0.012260312097867,"Kidney Chromophobe","Primary Tumor"
"271",1,0.0106382978723404,0.0123061149506385,"Kidney Chromophobe","Primary Tumor"
"272",1,0.010641627543036,0.0123906277826239,"Kidney Chromophobe","Primary Tumor"
"273",1,0.010644959298685,0.01246593880854,"Kidney Chromophobe","Primary Tumor"
"274",1,0.0106482931412465,0.0124864773133119,"Kidney Chromophobe","Primary Tumor"
"275",1,0.0106549670949546,0.0125263814598708,"Kidney Chromophobe","Primary Tumor"
"276",1,0.0106583072100313,0.0125616388464997,"Kidney Chromophobe","Primary Tumor"
"277",1,0.0106616494198808,0.0126015914780193,"Kidney Chromophobe","Primary Tumor"
"278",1,0.0106649937264743,0.0126309693442459,"Kidney Chromophobe","Primary Tumor"
"279",1,0.0106683401317854,0.0126396684475971,"Kidney Chromophobe","Primary Tumor"
"280",1,0.0106716886377903,0.012663330624999,"Kidney Chromophobe","Primary Tumor"
"281",1,0.0106750392464678,0.0126721576904203,"Kidney Chromophobe","Primary Tumor"
"282",1,0.010678391959799,0.0126728487039156,"Kidney Chromophobe","Primary Tumor"
"283",1,0.0106817467797675,0.0126826329357368,"Kidney Chromophobe","Primary Tumor"
"284",1,0.0106851037083595,0.0127002051757714,"Kidney Chromophobe","Primary Tumor"
"285",1,0.0106884627475637,0.0128006534115298,"Kidney Chromophobe","Primary Tumor"
"286",1,0.0106918238993711,0.0128225606781216,"Kidney Chromophobe","Primary Tumor"
"287",1,0.0106951871657754,0.0128438979302507,"Kidney Chromophobe","Primary Tumor"
"288",1,0.010701920050362,0.0128585642281715,"Kidney Chromophobe","Primary Tumor"
"289",1,0.0107052896725441,0.0128780890487298,"Kidney Chromophobe","Primary Tumor"
"290",1,0.0107086614173228,0.0129246018064864,"Kidney Chromophobe","Primary Tumor"
"291",1,0.0107120352867045,0.0129397491413564,"Kidney Chromophobe","Primary Tumor"
"292",1,0.0107154112826978,0.0129887707291914,"Kidney Chromophobe","Primary Tumor"
"293",1,0.010718789407314,0.0129934884168013,"Kidney Chromophobe","Primary Tumor"
"294",1,0.010722169662567,0.0130018333832107,"Kidney Chromophobe","Primary Tumor"
"295",1,0.0107255520504732,0.0130391353722711,"Kidney Chromophobe","Primary Tumor"
"296",1,0.0107289365730514,0.013049208336839,"Kidney Chromophobe","Primary Tumor"
"297",1,0.0107323232323232,0.0130866625897571,"Kidney Chromophobe","Primary Tumor"
"298",1,0.0107357120303126,0.0131074556168574,"Kidney Chromophobe","Primary Tumor"
"299",1,0.0107391029690461,0.0131136900647644,"Kidney Chromophobe","Primary Tumor"
"300",1,0.0107424960505529,0.0131181745502431,"Kidney Chromophobe","Primary Tumor"
"301",1,0.0107458912768647,0.0131384329138454,"Kidney Chromophobe","Primary Tumor"
"302",1,0.0107492886500158,0.0131826815070322,"Kidney Chromophobe","Primary Tumor"
"303",1,0.010752688172043,0.0131867284846406,"Kidney Chromophobe","Primary Tumor"
"304",1,0.0107560898449858,0.0132150347164676,"Kidney Chromophobe","Primary Tumor"
"305",1,0.0107594936708861,0.0132240573592643,"Kidney Chromophobe","Primary Tumor"
"306",1,0.0107628996517885,0.0132298226983181,"Kidney Chromophobe","Primary Tumor"
"307",1,0.0107663077897403,0.0132366270821554,"Kidney Chromophobe","Primary Tumor"
"308",1,0.0107697180867913,0.0132403260652257,"Kidney Chromophobe","Primary Tumor"
"309",1,0.0107731305449937,0.013309321628353,"Kidney Chromophobe","Primary Tumor"
"310",1,0.0107765451664025,0.0133163518884179,"Kidney Chromophobe","Primary Tumor"
"311",1,0.0107799619530755,0.0133437638897617,"Kidney Chromophobe","Primary Tumor"
"312",1,0.0107833809070726,0.0133703905974805,"Kidney Chromophobe","Primary Tumor"
"313",1,0.0107868020304569,0.0134143579354812,"Kidney Chromophobe","Primary Tumor"
"314",1,0.0107902253252936,0.0134421765583324,"Kidney Chromophobe","Primary Tumor"
"315",1,0.0107936507936508,0.0134474966507181,"Kidney Chromophobe","Primary Tumor"
"316",1,0.0107970784375992,0.0134795115179351,"Kidney Chromophobe","Primary Tumor"
"317",1,0.0108005082592122,0.0134878314011195,"Kidney Chromophobe","Primary Tumor"
"318",1,0.0108039402605656,0.0135223220608703,"Kidney Chromophobe","Primary Tumor"
"319",1,0.0108073744437381,0.0135253719203732,"Kidney Chromophobe","Primary Tumor"
"320",1,0.0108108108108108,0.013525594844088,"Kidney Chromophobe","Primary Tumor"
"321",1,0.0108142493638677,0.0135541453223723,"Kidney Chromophobe","Primary Tumor"
"322",1,0.0108176901049952,0.0136070137672062,"Kidney Chromophobe","Primary Tumor"
"323",1,0.0108211330362826,0.013608018619209,"Kidney Chromophobe","Primary Tumor"
"324",1,0.0108245781598217,0.0136296777238386,"Kidney Chromophobe","Primary Tumor"
"325",1,0.010828025477707,0.0136379033963749,"Kidney Chromophobe","Primary Tumor"
"326",1,0.0108314749920357,0.013658730408159,"Kidney Chromophobe","Primary Tumor"
"327",1,0.0108349267049076,0.0136700028136696,"Kidney Chromophobe","Primary Tumor"
"328",1,0.0108383806184252,0.0137187613904673,"Kidney Chromophobe","Primary Tumor"
"329",1,0.0108418367346939,0.0137294194469336,"Kidney Chromophobe","Primary Tumor"
"330",1,0.0108452950558214,0.0138201846819085,"Kidney Chromophobe","Primary Tumor"
"331",1,0.0108487555839183,0.0138649877473733,"Kidney Chromophobe","Primary Tumor"
"332",1,0.010852218321098,0.0138713327137958,"Kidney Chromophobe","Primary Tumor"
"333",1,0.0108556832694764,0.0138724912233439,"Kidney Chromophobe","Primary Tumor"
"334",1,0.0108591504311721,0.0138859990968214,"Kidney Chromophobe","Primary Tumor"
"335",1,0.0108626198083067,0.0139500805323876,"Kidney Chromophobe","Primary Tumor"
"336",1,0.0108660914030042,0.0139580752435692,"Kidney Chromophobe","Primary Tumor"
"337",1,0.0108695652173913,0.0140339244112272,"Kidney Chromophobe","Primary Tumor"
"338",1,0.0108730412535977,0.0140769815743184,"Kidney Chromophobe","Primary Tumor"
"339",1,0.0108765195137556,0.0140884240437019,"Kidney Chromophobe","Primary Tumor"
"340",1,0.01088,0.0140943939209378,"Kidney Chromophobe","Primary Tumor"
"341",1,0.0108834827144686,0.0141085832462752,"Kidney Chromophobe","Primary Tumor"
"342",1,0.010886967659302,0.0141089722053296,"Kidney Chromophobe","Primary Tumor"
"343",1,0.0108904548366432,0.0141779775066998,"Kidney Chromophobe","Primary Tumor"
"344",1,0.0108939442486383,0.0141936743181921,"Kidney Chromophobe","Primary Tumor"
"345",1,0.0109009297851876,0.0142165421820745,"Kidney Chromophobe","Primary Tumor"
"346",1,0.0109044259140475,0.0142514487131929,"Kidney Chromophobe","Primary Tumor"
"347",1,0.0109079242861726,0.0142988962685021,"Kidney Chromophobe","Primary Tumor"
"348",1,0.0109114249037227,0.0143409416853632,"Kidney Chromophobe","Primary Tumor"
"349",1,0.0109149277688604,0.0143667091940359,"Kidney Chromophobe","Primary Tumor"
"350",1,0.0109184328837508,0.0143936108253844,"Kidney Chromophobe","Primary Tumor"
"351",1,0.0109219402505622,0.0143983158124422,"Kidney Chromophobe","Primary Tumor"
"352",1,0.0109254498714653,0.0144204312790766,"Kidney Chromophobe","Primary Tumor"
"353",1,0.0109289617486339,0.0144621872275187,"Kidney Chromophobe","Primary Tumor"
"354",1,0.0109324758842444,0.0145164265466418,"Kidney Chromophobe","Primary Tumor"
"355",1,0.010935992280476,0.0145288087444063,"Kidney Chromophobe","Primary Tumor"
"356",1,0.0109395109395109,0.0145316587101265,"Kidney Chromophobe","Primary Tumor"
"357",1,0.010943031863534,0.0145443485764315,"Kidney Chromophobe","Primary Tumor"
"358",1,0.0109465550547328,0.0145456332694434,"Kidney Chromophobe","Primary Tumor"
"359",1,0.0109500805152979,0.0145471708073287,"Kidney Chromophobe","Primary Tumor"
"360",1,0.0109536082474227,0.0145608948510803,"Kidney Chromophobe","Primary Tumor"
"361",1,0.0109571382533033,0.0145617560732455,"Kidney Chromophobe","Primary Tumor"
"362",1,0.0109606705351386,0.0145906648370425,"Kidney Chromophobe","Primary Tumor"
"363",1,0.0109642050951306,0.0145985597956662,"Kidney Chromophobe","Primary Tumor"
"364",1,0.0109677419354839,0.014623177777697,"Kidney Chromophobe","Primary Tumor"
"365",1,0.0109712810584059,0.0146244664094647,"Kidney Chromophobe","Primary Tumor"
"366",1,0.0109748224661072,0.014675317730732,"Kidney Chromophobe","Primary Tumor"
"367",1,0.0109783661608008,0.0147014564509734,"Kidney Chromophobe","Primary Tumor"
"368",1,0.0109819121447028,0.0147125949129165,"Kidney Chromophobe","Primary Tumor"
"369",1,0.010989010989011,0.0147437549529169,"Kidney Chromophobe","Primary Tumor"
"370",1,0.0109925638538636,0.0147559272217791,"Kidney Chromophobe","Primary Tumor"
"371",1,0.0109961190168176,0.0147626290243465,"Kidney Chromophobe","Primary Tumor"
"372",1,0.0109996764801035,0.0147690736846738,"Kidney Chromophobe","Primary Tumor"
"373",1,0.0110032362459547,0.0147699937662256,"Kidney Chromophobe","Primary Tumor"
"374",1,0.0110067983166073,0.0147774888037505,"Kidney Chromophobe","Primary Tumor"
"375",1,0.0110103626943005,0.0147885545396118,"Kidney Chromophobe","Primary Tumor"
"376",1,0.0110139293812763,0.0147948637269739,"Kidney Chromophobe","Primary Tumor"
"377",1,0.0110174983797796,0.0147948885561607,"Kidney Chromophobe","Primary Tumor"
"378",1,0.0110210696920583,0.0148016533519676,"Kidney Chromophobe","Primary Tumor"
"379",1,0.0110246433203632,0.0148082959979798,"Kidney Chromophobe","Primary Tumor"
"380",1,0.0110282192669478,0.0148227061419258,"Kidney Chromophobe","Primary Tumor"
"381",1,0.0110317975340688,0.0148654909085664,"Kidney Chromophobe","Primary Tumor"
"382",1,0.0110353781239857,0.0149188436665336,"Kidney Chromophobe","Primary Tumor"
"383",1,0.011038961038961,0.0149373154915032,"Kidney Chromophobe","Primary Tumor"
"384",1,0.0110425462812601,0.0149491050285519,"Kidney Chromophobe","Primary Tumor"
"385",1,0.0110461338531514,0.014958203411649,"Kidney Chromophobe","Primary Tumor"
"386",1,0.0110497237569061,0.01499007431134,"Kidney Chromophobe","Primary Tumor"
"387",1,0.0110533159947984,0.0150666663072687,"Kidney Chromophobe","Primary Tumor"
"388",1,0.0110569105691057,0.0150707201250484,"Kidney Chromophobe","Primary Tumor"
"389",1,0.011060507482108,0.0151093462994065,"Kidney Chromophobe","Primary Tumor"
"390",1,0.0110641067360885,0.0151159870540584,"Kidney Chromophobe","Primary Tumor"
"391",1,0.0110677083333333,0.0151169153208652,"Kidney Chromophobe","Primary Tumor"
"392",1,0.0110713122761316,0.0151712127733384,"Kidney Chromophobe","Primary Tumor"
"393",1,0.0110749185667752,0.0151824590785844,"Kidney Chromophobe","Primary Tumor"
"394",1,0.0110785272075595,0.0151867873603309,"Kidney Chromophobe","Primary Tumor"
"395",1,0.0110821382007823,0.0152095459516933,"Kidney Chromophobe","Primary Tumor"
"396",1,0.0110857515487447,0.0152193199830796,"Kidney Chromophobe","Primary Tumor"
"397",1,0.0110893672537508,0.0152377185731204,"Kidney Chromophobe","Primary Tumor"
"398",1,0.0110929853181077,0.0152759523593514,"Kidney Chromophobe","Primary Tumor"
"399",1,0.0110966057441253,0.0152903448476225,"Kidney Chromophobe","Primary Tumor"
"400",1,0.0111002285341169,0.0152932016427548,"Kidney Chromophobe","Primary Tumor"
"401",1,0.0111038536903984,0.015295818019804,"Kidney Chromophobe","Primary Tumor"
"402",1,0.0111074812152891,0.0153084528344435,"Kidney Chromophobe","Primary Tumor"
"403",1,0.0111111111111111,0.0153281418716769,"Kidney Chromophobe","Primary Tumor"
"404",1,0.0111147433801896,0.0153897904609896,"Kidney Chromophobe","Primary Tumor"
"405",1,0.0111183780248528,0.0154171901523784,"Kidney Chromophobe","Primary Tumor"
"406",1,0.0111220150474321,0.0154317820777813,"Kidney Chromophobe","Primary Tumor"
"407",1,0.0111256544502618,0.0154443539920985,"Kidney Chromophobe","Primary Tumor"
"408",1,0.0111292962356792,0.0154831730563382,"Kidney Chromophobe","Primary Tumor"
"409",1,0.0111329404060249,0.0155089770964928,"Kidney Chromophobe","Primary Tumor"
"410",1,0.0111365869636423,0.0155134289265705,"Kidney Chromophobe","Primary Tumor"
"411",1,0.0111402359108781,0.0155362103062296,"Kidney Chromophobe","Primary Tumor"
"412",1,0.0111475409836066,0.0156325772022772,"Kidney Chromophobe","Primary Tumor"
"413",1,0.0111511971138078,0.015783015584935,"Kidney Chromophobe","Primary Tumor"
"414",1,0.0111548556430446,0.0158257622675636,"Kidney Chromophobe","Primary Tumor"
"415",1,0.011158516573679,0.0158567817307528,"Kidney Chromophobe","Primary Tumor"
"416",1,0.0111621799080762,0.0158644303692643,"Kidney Chromophobe","Primary Tumor"
"417",1,0.0111658456486043,0.0158783913035411,"Kidney Chromophobe","Primary Tumor"
"418",1,0.0111695137976347,0.0158862842728007,"Kidney Chromophobe","Primary Tumor"
"419",1,0.0111731843575419,0.0159230458054779,"Kidney Chromophobe","Primary Tumor"
"420",1,0.0111768573307035,0.0159455752183642,"Kidney Chromophobe","Primary Tumor"
"421",1,0.0111805327195002,0.0159533640974878,"Kidney Chromophobe","Primary Tumor"
"422",1,0.0111842105263158,0.0159780936240924,"Kidney Chromophobe","Primary Tumor"
"423",1,0.0111878907535373,0.0159842690332887,"Kidney Chromophobe","Primary Tumor"
"424",1,0.011191573403555,0.0159926836166357,"Kidney Chromophobe","Primary Tumor"
"425",1,0.0111952584787619,0.0160457355397387,"Kidney Chromophobe","Primary Tumor"
"426",1,0.0111989459815547,0.0160585418160135,"Kidney Chromophobe","Primary Tumor"
"427",1,0.0112026359143328,0.0161008298044475,"Kidney Chromophobe","Primary Tumor"
"428",1,0.011206328279499,0.0161377909552228,"Kidney Chromophobe","Primary Tumor"
"429",1,0.0112100230794593,0.0161522717389616,"Kidney Chromophobe","Primary Tumor"
"430",1,0.0112137203166227,0.0162040278973763,"Kidney Chromophobe","Primary Tumor"
"431",1,0.0112174199934015,0.0162155969570535,"Kidney Chromophobe","Primary Tumor"
"432",1,0.0112211221122112,0.0162660559218801,"Kidney Chromophobe","Primary Tumor"
"433",1,0.0112248266754705,0.0162841547968407,"Kidney Chromophobe","Primary Tumor"
"434",1,0.0112285336856011,0.0163169954643833,"Kidney Chromophobe","Primary Tumor"
"435",1,0.0112322431450281,0.0164037400129055,"Kidney Chromophobe","Primary Tumor"
"436",1,0.0112359550561798,0.0164075603533635,"Kidney Chromophobe","Primary Tumor"
"437",1,0.0112396694214876,0.0164563516611611,"Kidney Chromophobe","Primary Tumor"
"438",1,0.0112433862433862,0.0165000648546959,"Kidney Chromophobe","Primary Tumor"
"439",1,0.0112471055243136,0.0165180991072274,"Kidney Chromophobe","Primary Tumor"
"440",1,0.0112508272667108,0.0165395263927852,"Kidney Chromophobe","Primary Tumor"
"441",1,0.0112545514730222,0.0165639633501518,"Kidney Chromophobe","Primary Tumor"
"442",1,0.0112582781456954,0.0165671391576511,"Kidney Chromophobe","Primary Tumor"
"443",1,0.0112620072871812,0.0166035430242668,"Kidney Chromophobe","Primary Tumor"
"444",1,0.0112657388999337,0.016727239367864,"Kidney Chromophobe","Primary Tumor"
"445",1,0.0112694729864103,0.0167373951131247,"Kidney Chromophobe","Primary Tumor"
"446",1,0.0112732095490716,0.0167450489759697,"Kidney Chromophobe","Primary Tumor"
"447",1,0.0112769485903814,0.0167858323234855,"Kidney Chromophobe","Primary Tumor"
"448",1,0.0112806901128069,0.0168149056747401,"Kidney Chromophobe","Primary Tumor"
"449",1,0.0112844341188185,0.016863710347182,"Kidney Chromophobe","Primary Tumor"
"450",1,0.0112881806108898,0.0168660005861016,"Kidney Chromophobe","Primary Tumor"
"451",1,0.0112919295914978,0.0168795286547663,"Kidney Chromophobe","Primary Tumor"
"452",1,0.0112956810631229,0.0169142471879754,"Kidney Chromophobe","Primary Tumor"
"453",1,0.0112994350282486,0.0169401857896198,"Kidney Chromophobe","Primary Tumor"
"454",1,0.0113031914893617,0.0169470608597423,"Kidney Chromophobe","Primary Tumor"
"455",1,0.0113069504489524,0.0169755270102544,"Kidney Chromophobe","Primary Tumor"
"456",1,0.0113107119095143,0.0170472032260004,"Kidney Chromophobe","Primary Tumor"
"457",1,0.0113144758735441,0.0170759763747643,"Kidney Chromophobe","Primary Tumor"
"458",1,0.0113182423435419,0.0170869340853991,"Kidney Chromophobe","Primary Tumor"
"459",1,0.0113220113220113,0.0170913215455817,"Kidney Chromophobe","Primary Tumor"
"460",1,0.011325782811459,0.0171005722983786,"Kidney Chromophobe","Primary Tumor"
"461",1,0.0113295568143952,0.0171577836849355,"Kidney Chromophobe","Primary Tumor"
"462",1,0.0113333333333333,0.0171618500776172,"Kidney Chromophobe","Primary Tumor"
"463",1,0.0113371123707903,0.0171801787406428,"Kidney Chromophobe","Primary Tumor"
"464",1,0.0113408939292862,0.0171983758790499,"Kidney Chromophobe","Primary Tumor"
"465",1,0.0113446780113447,0.0172246737248923,"Kidney Chromophobe","Primary Tumor"
"466",1,0.0113484646194927,0.0172721860704738,"Kidney Chromophobe","Primary Tumor"
"467",1,0.0113522537562604,0.0172731634878704,"Kidney Chromophobe","Primary Tumor"
"468",1,0.0113560454241817,0.0173051586140262,"Kidney Chromophobe","Primary Tumor"
"469",1,0.0113598396257935,0.0173227812997406,"Kidney Chromophobe","Primary Tumor"
"470",1,0.0113636363636364,0.0173543836435446,"Kidney Chromophobe","Primary Tumor"
"471",1,0.0113674356402541,0.0173848359302977,"Kidney Chromophobe","Primary Tumor"
"472",1,0.011371237458194,0.0174432310374315,"Kidney Chromophobe","Primary Tumor"
"473",1,0.0113750418200067,0.0174502600599718,"Kidney Chromophobe","Primary Tumor"
"474",1,0.0113788487282463,0.0174506331963023,"Kidney Chromophobe","Primary Tumor"
"475",1,0.0113826581854704,0.0174545127437472,"Kidney Chromophobe","Primary Tumor"
"476",1,0.0113864701942398,0.0174682211687432,"Kidney Chromophobe","Primary Tumor"
"477",1,0.0113902847571189,0.0174723053314212,"Kidney Chromophobe","Primary Tumor"
"478",1,0.0113941018766756,0.0175013478767814,"Kidney Chromophobe","Primary Tumor"
"479",1,0.0113979215554811,0.0175245305082681,"Kidney Chromophobe","Primary Tumor"
"480",1,0.01140174379611,0.0175448064809323,"Kidney Chromophobe","Primary Tumor"
"481",1,0.0114055686011406,0.0175990145298572,"Kidney Chromophobe","Primary Tumor"
"482",1,0.0114093959731544,0.0176027860557777,"Kidney Chromophobe","Primary Tumor"
"483",1,0.0114132259147365,0.0176158612156941,"Kidney Chromophobe","Primary Tumor"
"484",1,0.0114170584284755,0.0176605422003231,"Kidney Chromophobe","Primary Tumor"
"485",1,0.0114208935169634,0.0177918094259984,"Kidney Chromophobe","Primary Tumor"
"486",1,0.0114247311827957,0.0178365216586628,"Kidney Chromophobe","Primary Tumor"
"487",1,0.0114285714285714,0.0178708752963477,"Kidney Chromophobe","Primary Tumor"
"488",1,0.0114324142568931,0.0178808102247998,"Kidney Chromophobe","Primary Tumor"
"489",1,0.0114362596703666,0.0178854280780135,"Kidney Chromophobe","Primary Tumor"
"490",1,0.0114401076716016,0.0179198367832643,"Kidney Chromophobe","Primary Tumor"
"491",1,0.011443958263211,0.0179337410972821,"Kidney Chromophobe","Primary Tumor"
"492",1,0.0114478114478114,0.0179378629392925,"Kidney Chromophobe","Primary Tumor"
"493",1,0.0114516672280229,0.0179729561043882,"Kidney Chromophobe","Primary Tumor"
"494",1,0.011455525606469,0.0179962585632623,"Kidney Chromophobe","Primary Tumor"
"495",1,0.0114593865857769,0.0179977484631855,"Kidney Chromophobe","Primary Tumor"
"496",1,0.0114632501685772,0.0180275531650882,"Kidney Chromophobe","Primary Tumor"
"497",1,0.0114671163575042,0.0180564315240917,"Kidney Chromophobe","Primary Tumor"
"498",1,0.0114709851551957,0.0180924454266137,"Kidney Chromophobe","Primary Tumor"
"499",1,0.0114748565642929,0.0181205071021851,"Kidney Chromophobe","Primary Tumor"
"500",1,0.0114787305874409,0.0181657766213873,"Kidney Chromophobe","Primary Tumor"
"501",1,0.0114826072272881,0.0181688579560031,"Kidney Chromophobe","Primary Tumor"
"502",1,0.0114864864864865,0.0182012510872781,"Kidney Chromophobe","Primary Tumor"
"503",1,0.0114903683676918,0.0182149044955539,"Kidney Chromophobe","Primary Tumor"
"504",1,0.0114942528735632,0.0182188578467497,"Kidney Chromophobe","Primary Tumor"
"505",1,0.0114981400067636,0.0182189579662397,"Kidney Chromophobe","Primary Tumor"
"506",1,0.0115020297699594,0.0182509969403179,"Kidney Chromophobe","Primary Tumor"
"507",1,0.0115059221658206,0.0182891003324921,"Kidney Chromophobe","Primary Tumor"
"508",1,0.011509817197021,0.0183197251986519,"Kidney Chromophobe","Primary Tumor"
"509",1,0.0115137148662377,0.0183467577878248,"Kidney Chromophobe","Primary Tumor"
"510",1,0.0115176151761518,0.0183490994370954,"Kidney Chromophobe","Primary Tumor"
"511",1,0.0115215181294476,0.0183822906556572,"Kidney Chromophobe","Primary Tumor"
"512",1,0.0115254237288136,0.0184385439435396,"Kidney Chromophobe","Primary Tumor"
"513",1,0.0115293319769413,0.0184827151322347,"Kidney Chromophobe","Primary Tumor"
"514",1,0.0115332428765265,0.0184922867591687,"Kidney Chromophobe","Primary Tumor"
"515",1,0.0115371564302681,0.0185020663932606,"Kidney Chromophobe","Primary Tumor"
"516",1,0.011541072640869,0.0185146206908819,"Kidney Chromophobe","Primary Tumor"
"517",1,0.0115449915110357,0.018598527503225,"Kidney Chromophobe","Primary Tumor"
"518",1,0.0115489130434783,0.0186076834705618,"Kidney Chromophobe","Primary Tumor"
"519",1,0.0115528372409106,0.0186249988281372,"Kidney Chromophobe","Primary Tumor"
"520",1,0.0115567641060503,0.0186797723165105,"Kidney Chromophobe","Primary Tumor"
"521",1,0.0115606936416185,0.0186963069269209,"Kidney Chromophobe","Primary Tumor"
"522",1,0.0115646258503401,0.0187786801682272,"Kidney Chromophobe","Primary Tumor"
"523",1,0.0115685607349439,0.0187839986591739,"Kidney Chromophobe","Primary Tumor"
"524",1,0.011572498298162,0.0188036965943761,"Kidney Chromophobe","Primary Tumor"
"525",1,0.0115764385427307,0.0188074065180082,"Kidney Chromophobe","Primary Tumor"
"526",1,0.0115803814713896,0.0188383072019229,"Kidney Chromophobe","Primary Tumor"
"527",1,0.0115843270868825,0.0188686536981395,"Kidney Chromophobe","Primary Tumor"
"528",1,0.0115882753919564,0.0189091306287498,"Kidney Chromophobe","Primary Tumor"
"529",1,0.0115922263893624,0.0189200654074924,"Kidney Chromophobe","Primary Tumor"
"530",1,0.0115961800818554,0.0189333200549868,"Kidney Chromophobe","Primary Tumor"
"531",1,0.0116001364721938,0.0189858716176726,"Kidney Chromophobe","Primary Tumor"
"532",1,0.0116040955631399,0.0190357431382271,"Kidney Chromophobe","Primary Tumor"
"533",1,0.0116080573574599,0.019066176470128,"Kidney Chromophobe","Primary Tumor"
"534",1,0.0116120218579235,0.0190665460071108,"Kidney Chromophobe","Primary Tumor"
"535",1,0.0116159890673044,0.0191012022199178,"Kidney Chromophobe","Primary Tumor"
"536",1,0.01161995898838,0.0191035805465582,"Kidney Chromophobe","Primary Tumor"
"537",1,0.0116239316239316,0.0191244722721064,"Kidney Chromophobe","Primary Tumor"
"538",1,0.0116279069767442,0.0191312533003219,"Kidney Chromophobe","Primary Tumor"
"539",1,0.0116318850496066,0.0191407231996571,"Kidney Chromophobe","Primary Tumor"
"540",1,0.0116358658453114,0.0191550419361211,"Kidney Chromophobe","Primary Tumor"
"541",1,0.0116398493666553,0.0191757888655154,"Kidney Chromophobe","Primary Tumor"
"542",1,0.0116438356164384,0.0192299509442868,"Kidney Chromophobe","Primary Tumor"
"543",1,0.0116478245974649,0.0192531953257535,"Kidney Chromophobe","Primary Tumor"
"544",1,0.0116518163125428,0.0192592774928811,"Kidney Chromophobe","Primary Tumor"
"545",1,0.0116558107644841,0.0193214945034715,"Kidney Chromophobe","Primary Tumor"
"546",1,0.0116598079561043,0.0193437619960318,"Kidney Chromophobe","Primary Tumor"
"547",1,0.011663807890223,0.0193489831004707,"Kidney Chromophobe","Primary Tumor"
"548",1,0.0116678105696637,0.0193797959547577,"Kidney Chromophobe","Primary Tumor"
"549",1,0.0116718159972537,0.0193929187708557,"Kidney Chromophobe","Primary Tumor"
"550",1,0.0116758241758242,0.0193989376531798,"Kidney Chromophobe","Primary Tumor"
"551",1,0.0116798351082102,0.0194510381971785,"Kidney Chromophobe","Primary Tumor"
"552",1,0.0116838487972509,0.0194516427404374,"Kidney Chromophobe","Primary Tumor"
"553",1,0.0116878652457889,0.0194702234733006,"Kidney Chromophobe","Primary Tumor"
"554",1,0.0116918844566713,0.0194901493068647,"Kidney Chromophobe","Primary Tumor"
"555",1,0.0116959064327485,0.0194952506167689,"Kidney Chromophobe","Primary Tumor"
"556",1,0.0116999311768754,0.0195250550565882,"Kidney Chromophobe","Primary Tumor"
"557",1,0.0117039586919105,0.019541123233904,"Kidney Chromophobe","Primary Tumor"
"558",1,0.0117079889807163,0.0195411994667768,"Kidney Chromophobe","Primary Tumor"
"559",1,0.0117120220461591,0.0195502290032596,"Kidney Chromophobe","Primary Tumor"
"560",1,0.0117160578911096,0.0196010805381331,"Kidney Chromophobe","Primary Tumor"
"561",1,0.0117200965184419,0.0196058574399155,"Kidney Chromophobe","Primary Tumor"
"562",1,0.0117241379310345,0.0196147299650942,"Kidney Chromophobe","Primary Tumor"
"563",1,0.0117281821317696,0.019638010201306,"Kidney Chromophobe","Primary Tumor"
"564",1,0.0117322291235335,0.0197160165055558,"Kidney Chromophobe","Primary Tumor"
"565",1,0.0117362789092164,0.0197202186584158,"Kidney Chromophobe","Primary Tumor"
"566",1,0.0117403314917127,0.019790168817308,"Kidney Chromophobe","Primary Tumor"
"567",1,0.0117443868739206,0.0198412500267971,"Kidney Chromophobe","Primary Tumor"
"568",1,0.0117484450587422,0.0198479748294545,"Kidney Chromophobe","Primary Tumor"
"569",1,0.011752506049084,0.0199323503402976,"Kidney Chromophobe","Primary Tumor"
"570",1,0.0117565698478562,0.0199535102124618,"Kidney Chromophobe","Primary Tumor"
"571",1,0.011760636457973,0.0199968065268253,"Kidney Chromophobe","Primary Tumor"
"572",1,0.0117647058823529,0.0200273398705866,"Kidney Chromophobe","Primary Tumor"
"573",1,0.0117687781239183,0.0200461438861185,"Kidney Chromophobe","Primary Tumor"
"574",1,0.0117728531855956,0.0200489141872809,"Kidney Chromophobe","Primary Tumor"
"575",1,0.0117769310703152,0.0200985006962458,"Kidney Chromophobe","Primary Tumor"
"576",1,0.0117810117810118,0.0201254492862767,"Kidney Chromophobe","Primary Tumor"
"577",1,0.0117850953206239,0.020153348684895,"Kidney Chromophobe","Primary Tumor"
"578",1,0.0117891816920943,0.0201952652830022,"Kidney Chromophobe","Primary Tumor"
"579",1,0.0117932708983698,0.0202190839495226,"Kidney Chromophobe","Primary Tumor"
"580",1,0.0117973629424011,0.0203628548578709,"Kidney Chromophobe","Primary Tumor"
"581",1,0.0118014578271434,0.0203908334691029,"Kidney Chromophobe","Primary Tumor"
"582",1,0.0118055555555556,0.0204371693159182,"Kidney Chromophobe","Primary Tumor"
"583",1,0.0118096561306009,0.0205014674703174,"Kidney Chromophobe","Primary Tumor"
"584",1,0.0118137595552467,0.0205392381108471,"Kidney Chromophobe","Primary Tumor"
"585",1,0.0118178658324644,0.0205506856255162,"Kidney Chromophobe","Primary Tumor"
"586",1,0.0118219749652295,0.0205699193269945,"Kidney Chromophobe","Primary Tumor"
"587",1,0.0118260869565217,0.0205906238314494,"Kidney Chromophobe","Primary Tumor"
"588",1,0.011830201809325,0.0206224971768178,"Kidney Chromophobe","Primary Tumor"
"589",1,0.0118343195266272,0.0206258354651135,"Kidney Chromophobe","Primary Tumor"
"590",1,0.0118384401114206,0.0206759880502744,"Kidney Chromophobe","Primary Tumor"
"591",1,0.0118425635667015,0.0206961042036993,"Kidney Chromophobe","Primary Tumor"
"592",1,0.0118466898954704,0.0207857209368587,"Kidney Chromophobe","Primary Tumor"
"593",1,0.011850819100732,0.0208169438471698,"Kidney Chromophobe","Primary Tumor"
"594",1,0.0118549511854951,0.0208715735926793,"Kidney Chromophobe","Primary Tumor"
"595",1,0.0118590861527729,0.0208729285839846,"Kidney Chromophobe","Primary Tumor"
"596",1,0.0118632240055827,0.0208842376723377,"Kidney Chromophobe","Primary Tumor"
"597",1,0.0118673647469459,0.0209208823897285,"Kidney Chromophobe","Primary Tumor"
"598",1,0.0118715083798883,0.0209385537708522,"Kidney Chromophobe","Primary Tumor"
"599",1,0.0118756549074397,0.0209626731305422,"Kidney Chromophobe","Primary Tumor"
"600",1,0.0118798043326345,0.0209952114118124,"Kidney Chromophobe","Primary Tumor"
"601",1,0.011883956658511,0.0210557857584757,"Kidney Chromophobe","Primary Tumor"
"602",1,0.0118881118881119,0.0211051331283298,"Kidney Chromophobe","Primary Tumor"
"603",1,0.0118922700244841,0.0211265799339398,"Kidney Chromophobe","Primary Tumor"
"604",1,0.0118964310706788,0.0211981987025696,"Kidney Chromophobe","Primary Tumor"
"605",1,0.0119005950297515,0.0212472085718985,"Kidney Chromophobe","Primary Tumor"
"606",1,0.0119089316987741,0.0212493358505329,"Kidney Chromophobe","Primary Tumor"
"607",1,0.0119131044148563,0.0213259714869671,"Kidney Chromophobe","Primary Tumor"
"608",1,0.0119172800560813,0.0213284531761933,"Kidney Chromophobe","Primary Tumor"
"609",1,0.0119214586255259,0.0213837017254601,"Kidney Chromophobe","Primary Tumor"
"610",1,0.0119256401262715,0.0213847660997838,"Kidney Chromophobe","Primary Tumor"
"611",1,0.0119298245614035,0.0214061127742588,"Kidney Chromophobe","Primary Tumor"
"612",1,0.0119340119340119,0.0214282221978434,"Kidney Chromophobe","Primary Tumor"
"613",1,0.011938202247191,0.0214337047978056,"Kidney Chromophobe","Primary Tumor"
"614",1,0.0119423955040393,0.0214518325460083,"Kidney Chromophobe","Primary Tumor"
"615",1,0.0119465917076599,0.0214603738471984,"Kidney Chromophobe","Primary Tumor"
"616",1,0.0119507908611599,0.0214968298529919,"Kidney Chromophobe","Primary Tumor"
"617",1,0.0119549929676512,0.0215410300055473,"Kidney Chromophobe","Primary Tumor"
"618",1,0.0119591980302497,0.0215519401770456,"Kidney Chromophobe","Primary Tumor"
"619",1,0.011963406052076,0.021581362292355,"Kidney Chromophobe","Primary Tumor"
"620",1,0.0119676170362548,0.0216408675912996,"Kidney Chromophobe","Primary Tumor"
"621",1,0.0119718309859155,0.0216670541492023,"Kidney Chromophobe","Primary Tumor"
"622",1,0.0119760479041916,0.0217205376073948,"Kidney Chromophobe","Primary Tumor"
"623",1,0.0119802677942213,0.021785015554703,"Kidney Chromophobe","Primary Tumor"
"624",1,0.011984490659147,0.0218246352137006,"Kidney Chromophobe","Primary Tumor"
"625",1,0.0119887165021157,0.0218898444454096,"Kidney Chromophobe","Primary Tumor"
"626",1,0.0119929453262787,0.0219753958128782,"Kidney Chromophobe","Primary Tumor"
"627",1,0.0119971771347918,0.0220252247682338,"Kidney Chromophobe","Primary Tumor"
"628",1,0.0120014119308154,0.0221260989405493,"Kidney Chromophobe","Primary Tumor"
"629",1,0.0120056497175141,0.0221439856527441,"Kidney Chromophobe","Primary Tumor"
"630",1,0.0120098904980572,0.0221851736204705,"Kidney Chromophobe","Primary Tumor"
"631",1,0.0120141342756184,0.0222051679000999,"Kidney Chromophobe","Primary Tumor"
"632",1,0.0120183810533758,0.0222504860213351,"Kidney Chromophobe","Primary Tumor"
"633",1,0.012022630834512,0.0223059844700942,"Kidney Chromophobe","Primary Tumor"
"634",1,0.0120268836222144,0.0223395951753012,"Kidney Chromophobe","Primary Tumor"
"635",1,0.0120311394196745,0.0223449351461126,"Kidney Chromophobe","Primary Tumor"
"636",1,0.0120353982300885,0.0223651288592667,"Kidney Chromophobe","Primary Tumor"
"637",1,0.0120396600566572,0.0223900605826481,"Kidney Chromophobe","Primary Tumor"
"638",1,0.0120439249025859,0.0224609075085828,"Kidney Chromophobe","Primary Tumor"
"639",1,0.0120481927710843,0.0224758269481749,"Kidney Chromophobe","Primary Tumor"
"640",1,0.0120524636653669,0.0224833269083028,"Kidney Chromophobe","Primary Tumor"
"641",1,0.0120567375886525,0.0225102962414871,"Kidney Chromophobe","Primary Tumor"
"642",1,0.0120610145441646,0.0225310123242428,"Kidney Chromophobe","Primary Tumor"
"643",1,0.0120652945351313,0.0225339735284189,"Kidney Chromophobe","Primary Tumor"
"644",1,0.0120695775647852,0.0226029827622105,"Kidney Chromophobe","Primary Tumor"
"645",1,0.0120738636363636,0.0226240192602936,"Kidney Chromophobe","Primary Tumor"
"646",1,0.0120781527531083,0.0226574872155247,"Kidney Chromophobe","Primary Tumor"
"647",1,0.0120824449182658,0.0226912839362278,"Kidney Chromophobe","Primary Tumor"
"648",1,0.0120867401350871,0.0226987192256646,"Kidney Chromophobe","Primary Tumor"
"649",1,0.0120910384068279,0.0227058279303241,"Kidney Chromophobe","Primary Tumor"
"650",1,0.0120953397367485,0.0227457603027879,"Kidney Chromophobe","Primary Tumor"
"651",1,0.0120996441281139,0.0227458374635254,"Kidney Chromophobe","Primary Tumor"
"652",1,0.0121039515841937,0.0228172036181007,"Kidney Chromophobe","Primary Tumor"
"653",1,0.0121082621082621,0.0228190025782022,"Kidney Chromophobe","Primary Tumor"
"654",1,0.0121125757035981,0.0228235568832474,"Kidney Chromophobe","Primary Tumor"
"655",1,0.0121168923734854,0.0228455629458862,"Kidney Chromophobe","Primary Tumor"
"656",1,0.0121212121212121,0.0229689563509344,"Kidney Chromophobe","Primary Tumor"
"657",1,0.0121255349500713,0.0230022301722904,"Kidney Chromophobe","Primary Tumor"
"658",1,0.0121298608633607,0.0230361154164856,"Kidney Chromophobe","Primary Tumor"
"659",1,0.0121341898643826,0.0230879426511799,"Kidney Chromophobe","Primary Tumor"
"660",1,0.0121385219564441,0.0231419552523879,"Kidney Chromophobe","Primary Tumor"
"661",1,0.0121428571428571,0.0231572401009864,"Kidney Chromophobe","Primary Tumor"
"662",1,0.0121471954269382,0.0233640127258336,"Kidney Chromophobe","Primary Tumor"
"663",1,0.0121558813013944,0.0233805624777114,"Kidney Chromophobe","Primary Tumor"
"664",1,0.0121602288984263,0.02348000395145,"Kidney Chromophobe","Primary Tumor"
"665",1,0.0121645796064401,0.0235576109440821,"Kidney Chromophobe","Primary Tumor"
"666",1,0.0121689334287759,0.023560676259935,"Kidney Chromophobe","Primary Tumor"
"667",1,0.0121732903687791,0.0236018226371132,"Kidney Chromophobe","Primary Tumor"
"668",1,0.0121776504297994,0.0236028731248193,"Kidney Chromophobe","Primary Tumor"
"669",1,0.0121820136151917,0.0236228317303742,"Kidney Chromophobe","Primary Tumor"
"670",1,0.012190749372535,0.0236229609302204,"Kidney Chromophobe","Primary Tumor"
"671",1,0.0121951219512195,0.0236535963501694,"Kidney Chromophobe","Primary Tumor"
"672",1,0.0121994976677431,0.023661378391782,"Kidney Chromophobe","Primary Tumor"
"673",1,0.0122038765254846,0.0237223862650645,"Kidney Chromophobe","Primary Tumor"
"674",1,0.0122082585278276,0.0237414115218855,"Kidney Chromophobe","Primary Tumor"
"675",1,0.0122126436781609,0.0237893968316032,"Kidney Chromophobe","Primary Tumor"
"676",1,0.0122170319798778,0.0238068539900486,"Kidney Chromophobe","Primary Tumor"
"677",1,0.0122214234363767,0.0238469558695508,"Kidney Chromophobe","Primary Tumor"
"678",1,0.0122258180510608,0.0238472051358934,"Kidney Chromophobe","Primary Tumor"
"679",1,0.0122302158273381,0.0238837720576851,"Kidney Chromophobe","Primary Tumor"
"680",1,0.0122346167686218,0.0239138046464039,"Kidney Chromophobe","Primary Tumor"
"681",1,0.0122390208783297,0.0239218628088643,"Kidney Chromophobe","Primary Tumor"
"682",1,0.0122434281598848,0.0239256969465276,"Kidney Chromophobe","Primary Tumor"
"683",1,0.0122478386167147,0.0239265307997933,"Kidney Chromophobe","Primary Tumor"
"684",1,0.0122522522522523,0.0239617791844421,"Kidney Chromophobe","Primary Tumor"
"685",1,0.0122566690699351,0.0239797629433698,"Kidney Chromophobe","Primary Tumor"
"686",1,0.0122610890732059,0.0239976502524075,"Kidney Chromophobe","Primary Tumor"
"687",1,0.0122655122655123,0.0240131057820993,"Kidney Chromophobe","Primary Tumor"
"688",1,0.0122699386503067,0.0240234465343401,"Kidney Chromophobe","Primary Tumor"
"689",1,0.0122743682310469,0.0240622966642896,"Kidney Chromophobe","Primary Tumor"
"690",1,0.0122788010111954,0.0240730279426104,"Kidney Chromophobe","Primary Tumor"
"691",1,0.0122832369942197,0.0241071450699723,"Kidney Chromophobe","Primary Tumor"
"692",1,0.0122876761835923,0.0241178747445051,"Kidney Chromophobe","Primary Tumor"
"693",1,0.012292118582791,0.0241234589756288,"Kidney Chromophobe","Primary Tumor"
"694",1,0.0122965641952984,0.0241930397440152,"Kidney Chromophobe","Primary Tumor"
"695",1,0.012301013024602,0.0242206673272122,"Kidney Chromophobe","Primary Tumor"
"696",1,0.0123054650741947,0.0242569607833517,"Kidney Chromophobe","Primary Tumor"
"697",1,0.0123099203475742,0.0243046374458576,"Kidney Chromophobe","Primary Tumor"
"698",1,0.0123143788482434,0.0243413202837649,"Kidney Chromophobe","Primary Tumor"
"699",1,0.0123188405797101,0.0244032921545374,"Kidney Chromophobe","Primary Tumor"
"700",1,0.0123233055454875,0.0244117959110292,"Kidney Chromophobe","Primary Tumor"
"701",1,0.0123277737490935,0.0244483940436743,"Kidney Chromophobe","Primary Tumor"
"702",1,0.0123322451940515,0.0244984922670872,"Kidney Chromophobe","Primary Tumor"
"703",1,0.0123367198838897,0.0245354551031046,"Kidney Chromophobe","Primary Tumor"
"704",1,0.0123411978221416,0.0245667506340192,"Kidney Chromophobe","Primary Tumor"
"705",1,0.0123456790123457,0.0246032018684767,"Kidney Chromophobe","Primary Tumor"
"706",1,0.0123501634580458,0.0246235612017255,"Kidney Chromophobe","Primary Tumor"
"707",1,0.0123546511627907,0.0246260321464809,"Kidney Chromophobe","Primary Tumor"
"708",1,0.0123591421301345,0.0246617739185687,"Kidney Chromophobe","Primary Tumor"
"709",1,0.0123636363636364,0.0246696025218614,"Kidney Chromophobe","Primary Tumor"
"710",1,0.0123681338668607,0.0247087191439714,"Kidney Chromophobe","Primary Tumor"
"711",1,0.012372634643377,0.0247412106941008,"Kidney Chromophobe","Primary Tumor"
"712",1,0.0123771386967601,0.0247902067267894,"Kidney Chromophobe","Primary Tumor"
"713",1,0.0123816460305899,0.0248585027890776,"Kidney Chromophobe","Primary Tumor"
"714",1,0.0123861566484517,0.0248927840316462,"Kidney Chromophobe","Primary Tumor"
"715",1,0.0123906705539359,0.0249396406925209,"Kidney Chromophobe","Primary Tumor"
"716",1,0.012395187750638,0.0250826627756184,"Kidney Chromophobe","Primary Tumor"
"717",1,0.012399708242159,0.0251690928534399,"Kidney Chromophobe","Primary Tumor"
"718",1,0.0124042320321051,0.0251759379698468,"Kidney Chromophobe","Primary Tumor"
"719",1,0.0124087591240876,0.0251827949624255,"Kidney Chromophobe","Primary Tumor"
"720",1,0.0124132895217233,0.025246233453463,"Kidney Chromophobe","Primary Tumor"
"721",1,0.012417823228634,0.0252573479577685,"Kidney Chromophobe","Primary Tumor"
"722",1,0.0124223602484472,0.0253722601825255,"Kidney Chromophobe","Primary Tumor"
"723",1,0.0124269005847953,0.0253867269057635,"Kidney Chromophobe","Primary Tumor"
"724",1,0.0124314442413163,0.02539703112543,"Kidney Chromophobe","Primary Tumor"
"725",1,0.0124359912216533,0.0254877318737129,"Kidney Chromophobe","Primary Tumor"
"726",1,0.0124405415294548,0.0255235566243859,"Kidney Chromophobe","Primary Tumor"
"727",1,0.0124450951683748,0.0255242036785796,"Kidney Chromophobe","Primary Tumor"
"728",1,0.0124496521420725,0.0257817738313732,"Kidney Chromophobe","Primary Tumor"
"729",1,0.0124542124542125,0.0258515707862096,"Kidney Chromophobe","Primary Tumor"
"730",1,0.0124587761084646,0.0258682272860859,"Kidney Chromophobe","Primary Tumor"
"731",1,0.0124633431085044,0.0259651413547478,"Kidney Chromophobe","Primary Tumor"
"732",1,0.0124679134580125,0.0259921102994726,"Kidney Chromophobe","Primary Tumor"
"733",1,0.012472487160675,0.0260224986272715,"Kidney Chromophobe","Primary Tumor"
"734",1,0.0124770642201835,0.0261144632200716,"Kidney Chromophobe","Primary Tumor"
"735",1,0.0124816446402349,0.026123255637931,"Kidney Chromophobe","Primary Tumor"
"736",1,0.0124862284245318,0.0261615486917555,"Kidney Chromophobe","Primary Tumor"
"737",1,0.0124908155767818,0.0262687551237098,"Kidney Chromophobe","Primary Tumor"
"738",1,0.0124954061006983,0.0262977807088097,"Kidney Chromophobe","Primary Tumor"
"739",1,0.0125,0.026308465769204,"Kidney Chromophobe","Primary Tumor"
"740",1,0.0125045972784112,0.0263347319735729,"Kidney Chromophobe","Primary Tumor"
"741",1,0.0125091979396615,0.0264249696653806,"Kidney Chromophobe","Primary Tumor"
"742",1,0.0125138019874862,0.0264866761529444,"Kidney Chromophobe","Primary Tumor"
"743",1,0.0125184094256259,0.0265126021474779,"Kidney Chromophobe","Primary Tumor"
"744",1,0.0125230202578269,0.0265235187332772,"Kidney Chromophobe","Primary Tumor"
"745",1,0.0125276344878408,0.0265268902643316,"Kidney Chromophobe","Primary Tumor"
"746",1,0.012532252119425,0.0265385637470349,"Kidney Chromophobe","Primary Tumor"
"747",1,0.0125368731563422,0.0266113397122387,"Kidney Chromophobe","Primary Tumor"
"748",1,0.0125414976023608,0.02665431140595,"Kidney Chromophobe","Primary Tumor"
"749",1,0.0125461254612546,0.0266603148072998,"Kidney Chromophobe","Primary Tumor"
"750",1,0.0125507567368032,0.0266709777101761,"Kidney Chromophobe","Primary Tumor"
"751",1,0.0125553914327917,0.0267126970821858,"Kidney Chromophobe","Primary Tumor"
"752",1,0.0125600295530107,0.0267715973110768,"Kidney Chromophobe","Primary Tumor"
"753",1,0.0125646711012565,0.0268065366988292,"Kidney Chromophobe","Primary Tumor"
"754",1,0.0125739644970414,0.0268792625636386,"Kidney Chromophobe","Primary Tumor"
"755",1,0.0125786163522013,0.0269201430398145,"Kidney Chromophobe","Primary Tumor"
"756",1,0.0125832716506292,0.0269301089428696,"Kidney Chromophobe","Primary Tumor"
"757",1,0.0125879303961496,0.0269981329290546,"Kidney Chromophobe","Primary Tumor"
"758",1,0.0125925925925926,0.0270184728112275,"Kidney Chromophobe","Primary Tumor"
"759",1,0.012597258243794,0.027071187208111,"Kidney Chromophobe","Primary Tumor"
"760",1,0.0126019273535953,0.0270943875526178,"Kidney Chromophobe","Primary Tumor"
"761",1,0.0126065999258435,0.0271336634153207,"Kidney Chromophobe","Primary Tumor"
"762",1,0.0126112759643917,0.0271372756710293,"Kidney Chromophobe","Primary Tumor"
"763",1,0.0126159554730983,0.027143804750997,"Kidney Chromophobe","Primary Tumor"
"764",1,0.0126206384558278,0.0271984174317014,"Kidney Chromophobe","Primary Tumor"
"765",1,0.0126253249164501,0.0271996920851234,"Kidney Chromophobe","Primary Tumor"
"766",1,0.012630014858841,0.0272046161358221,"Kidney Chromophobe","Primary Tumor"
"767",1,0.0126347082868822,0.0272372077585362,"Kidney Chromophobe","Primary Tumor"
"768",1,0.012639405204461,0.0272627359724999,"Kidney Chromophobe","Primary Tumor"
"769",1,0.0126441056154704,0.0272898508771921,"Kidney Chromophobe","Primary Tumor"
"770",1,0.0126488095238095,0.0272982058828612,"Kidney Chromophobe","Primary Tumor"
"771",1,0.012653516933383,0.0273193350681739,"Kidney Chromophobe","Primary Tumor"
"772",1,0.0126582278481013,0.027324341360296,"Kidney Chromophobe","Primary Tumor"
"773",1,0.0126629422718808,0.027386850373104,"Kidney Chromophobe","Primary Tumor"
"774",1,0.0126676602086438,0.0273908436411717,"Kidney Chromophobe","Primary Tumor"
"775",1,0.0126723816623183,0.0274902354101257,"Kidney Chromophobe","Primary Tumor"
"776",1,0.0126771066368382,0.0275778469266927,"Kidney Chromophobe","Primary Tumor"
"777",1,0.0126818351361432,0.0275918248817696,"Kidney Chromophobe","Primary Tumor"
"778",1,0.0126865671641791,0.027600068926816,"Kidney Chromophobe","Primary Tumor"
"779",1,0.0126913027248974,0.0276090096979136,"Kidney Chromophobe","Primary Tumor"
"780",1,0.0126960418222554,0.0276369073928976,"Kidney Chromophobe","Primary Tumor"
"781",1,0.0127007844602167,0.0276399920107734,"Kidney Chromophobe","Primary Tumor"
"782",1,0.0127055306427504,0.0276516033588968,"Kidney Chromophobe","Primary Tumor"
"783",1,0.0127102803738318,0.0276882373186394,"Kidney Chromophobe","Primary Tumor"
"784",1,0.012715033657442,0.0277416641759869,"Kidney Chromophobe","Primary Tumor"
"785",1,0.0127197904975683,0.0277836484678629,"Kidney Chromophobe","Primary Tumor"
"786",1,0.0127245508982036,0.0279103851808538,"Kidney Chromophobe","Primary Tumor"
"787",1,0.0127293148633471,0.027912424185566,"Kidney Chromophobe","Primary Tumor"
"788",1,0.0127340823970037,0.0279215296978021,"Kidney Chromophobe","Primary Tumor"
"789",1,0.0127388535031847,0.0279432741461072,"Kidney Chromophobe","Primary Tumor"
"790",1,0.012743628185907,0.0279847258008664,"Kidney Chromophobe","Primary Tumor"
"791",1,0.0127484064491939,0.0280244556884843,"Kidney Chromophobe","Primary Tumor"
"792",1,0.0127531882970743,0.0280506567373857,"Kidney Chromophobe","Primary Tumor"
"793",1,0.0127579737335835,0.0280746152735702,"Kidney Chromophobe","Primary Tumor"
"794",1,0.0127627627627628,0.028126045494098,"Kidney Chromophobe","Primary Tumor"
"795",1,0.0127675553886594,0.0281278445944477,"Kidney Chromophobe","Primary Tumor"
"796",1,0.0127723516153268,0.0281779993351793,"Kidney Chromophobe","Primary Tumor"
"797",1,0.0127771514468245,0.0282132612091515,"Kidney Chromophobe","Primary Tumor"
"798",1,0.012781954887218,0.0282557322553951,"Kidney Chromophobe","Primary Tumor"
"799",1,0.0127867619405792,0.0282621943122462,"Kidney Chromophobe","Primary Tumor"
"800",1,0.0127915726109857,0.0282892977152842,"Kidney Chromophobe","Primary Tumor"
"801",1,0.0127963869025216,0.0283636059024348,"Kidney Chromophobe","Primary Tumor"
"802",1,0.0128012048192771,0.0284830966646933,"Kidney Chromophobe","Primary Tumor"
"803",1,0.0128060263653484,0.0284922048783672,"Kidney Chromophobe","Primary Tumor"
"804",1,0.012810851544838,0.0285295830325824,"Kidney Chromophobe","Primary Tumor"
"805",1,0.0128156803618545,0.0285883102933981,"Kidney Chromophobe","Primary Tumor"
"806",1,0.0128205128205128,0.0286597205149407,"Kidney Chromophobe","Primary Tumor"
"807",1,0.012825348924934,0.0286924021407647,"Kidney Chromophobe","Primary Tumor"
"808",1,0.0128301886792453,0.0287326672287222,"Kidney Chromophobe","Primary Tumor"
"809",1,0.0128350320875802,0.0287842791147267,"Kidney Chromophobe","Primary Tumor"
"810",1,0.0128398791540786,0.0288406849153329,"Kidney Chromophobe","Primary Tumor"
"811",1,0.0128447298828863,0.028840759905673,"Kidney Chromophobe","Primary Tumor"
"812",1,0.0128495842781557,0.0288469638338919,"Kidney Chromophobe","Primary Tumor"
"813",1,0.0128544423440454,0.0288521369842797,"Kidney Chromophobe","Primary Tumor"
"814",1,0.0128593040847201,0.0288598577280505,"Kidney Chromophobe","Primary Tumor"
"815",1,0.0128641695043511,0.0288710134553004,"Kidney Chromophobe","Primary Tumor"
"816",1,0.0128690386071158,0.0289396677277443,"Kidney Chromophobe","Primary Tumor"
"817",1,0.012873911397198,0.0289726041597056,"Kidney Chromophobe","Primary Tumor"
"818",1,0.0128787878787879,0.029032624522838,"Kidney Chromophobe","Primary Tumor"
"819",1,0.0128836680560818,0.0290611624101763,"Kidney Chromophobe","Primary Tumor"
"820",1,0.0128885519332828,0.0291170713661673,"Kidney Chromophobe","Primary Tumor"
"821",1,0.0128983308042489,0.0291302615799686,"Kidney Chromophobe","Primary Tumor"
"822",1,0.0129032258064516,0.0291739935472003,"Kidney Chromophobe","Primary Tumor"
"823",1,0.0129081245254366,0.0291807068969834,"Kidney Chromophobe","Primary Tumor"
"824",1,0.0129130269654387,0.0292243003256582,"Kidney Chromophobe","Primary Tumor"
"825",1,0.0129179331306991,0.0292536159300711,"Kidney Chromophobe","Primary Tumor"
"826",1,0.0129228430254656,0.0292570994757072,"Kidney Chromophobe","Primary Tumor"
"827",1,0.0129277566539924,0.0292789888404005,"Kidney Chromophobe","Primary Tumor"
"828",1,0.0129326740205401,0.029301413347969,"Kidney Chromophobe","Primary Tumor"
"829",1,0.012937595129376,0.0293839494936959,"Kidney Chromophobe","Primary Tumor"
"830",1,0.0129425199847735,0.0295738831990068,"Kidney Chromophobe","Primary Tumor"
"831",1,0.0129474485910129,0.0296277596231598,"Kidney Chromophobe","Primary Tumor"
"832",1,0.012952380952381,0.029657245472395,"Kidney Chromophobe","Primary Tumor"
"833",1,0.0129573170731707,0.0296625350244798,"Kidney Chromophobe","Primary Tumor"
"834",1,0.012962256957682,0.0296890687035496,"Kidney Chromophobe","Primary Tumor"
"835",1,0.0129672006102212,0.0296979733532495,"Kidney Chromophobe","Primary Tumor"
"836",1,0.0129721480351011,0.0297549687512662,"Kidney Chromophobe","Primary Tumor"
"837",1,0.0129770992366412,0.0297870046963182,"Kidney Chromophobe","Primary Tumor"
"838",1,0.0129820542191676,0.0298146552809845,"Kidney Chromophobe","Primary Tumor"
"839",1,0.012987012987013,0.029827003466739,"Kidney Chromophobe","Primary Tumor"
"840",1,0.0129919755445166,0.0298528147353448,"Kidney Chromophobe","Primary Tumor"
"841",1,0.0129969418960245,0.0298832026770457,"Kidney Chromophobe","Primary Tumor"
"842",1,0.0130019120458891,0.0299356819271422,"Kidney Chromophobe","Primary Tumor"
"843",1,0.0130068859984698,0.0299486691186968,"Kidney Chromophobe","Primary Tumor"
"844",1,0.0130118637581324,0.0300174141401091,"Kidney Chromophobe","Primary Tumor"
"845",1,0.0130168453292496,0.0300476633287762,"Kidney Chromophobe","Primary Tumor"
"846",1,0.0130218307162007,0.0300670761594766,"Kidney Chromophobe","Primary Tumor"
"847",1,0.0130268199233716,0.0301125413046914,"Kidney Chromophobe","Primary Tumor"
"848",1,0.0130318129551552,0.0301564197054676,"Kidney Chromophobe","Primary Tumor"
"849",1,0.0130368098159509,0.0301929247144491,"Kidney Chromophobe","Primary Tumor"
"850",1,0.0130418105101649,0.0302348812781844,"Kidney Chromophobe","Primary Tumor"
"851",1,0.0130468150422103,0.0302371689662209,"Kidney Chromophobe","Primary Tumor"
"852",1,0.0130518234165067,0.0303428318265048,"Kidney Chromophobe","Primary Tumor"
"853",1,0.0130568356374808,0.0303468419803617,"Kidney Chromophobe","Primary Tumor"
"854",1,0.0130618517095659,0.0303518922319121,"Kidney Chromophobe","Primary Tumor"
"855",1,0.0130668716372022,0.0303717591507675,"Kidney Chromophobe","Primary Tumor"
"856",1,0.0130718954248366,0.0304252014666968,"Kidney Chromophobe","Primary Tumor"
"857",1,0.0130769230769231,0.0304568188057803,"Kidney Chromophobe","Primary Tumor"
"858",1,0.0130819545979223,0.030467049197339,"Kidney Chromophobe","Primary Tumor"
"859",1,0.0130869899923018,0.0304671976562129,"Kidney Chromophobe","Primary Tumor"
"860",1,0.013092029264536,0.0304753373584182,"Kidney Chromophobe","Primary Tumor"
"861",1,0.0130970724191063,0.030594488694679,"Kidney Chromophobe","Primary Tumor"
"862",1,0.013102119460501,0.0306091102179642,"Kidney Chromophobe","Primary Tumor"
"863",1,0.0131071703932151,0.0307375325829081,"Kidney Chromophobe","Primary Tumor"
"864",1,0.0131122252217509,0.0308474495850908,"Kidney Chromophobe","Primary Tumor"
"865",1,0.0131223465843304,0.0308490839374785,"Kidney Chromophobe","Primary Tumor"
"866",1,0.0131274131274131,0.0309232296442256,"Kidney Chromophobe","Primary Tumor"
"867",1,0.0131324835843955,0.0309600146728563,"Kidney Chromophobe","Primary Tumor"
"868",1,0.0131375579598145,0.0309648296493799,"Kidney Chromophobe","Primary Tumor"
"869",1,0.0131426362582141,0.0310030166931748,"Kidney Chromophobe","Primary Tumor"
"870",1,0.0131477184841454,0.0310448918313114,"Kidney Chromophobe","Primary Tumor"
"871",1,0.0131528046421663,0.0310938103759731,"Kidney Chromophobe","Primary Tumor"
"872",1,0.0131578947368421,0.0311218356637566,"Kidney Chromophobe","Primary Tumor"
"873",1,0.0131629887727449,0.0311661201164298,"Kidney Chromophobe","Primary Tumor"
"874",1,0.0131680867544539,0.0311824411642986,"Kidney Chromophobe","Primary Tumor"
"875",1,0.0131731886865556,0.0312390996308393,"Kidney Chromophobe","Primary Tumor"
"876",1,0.0131782945736434,0.0315695216287944,"Kidney Chromophobe","Primary Tumor"
"877",1,0.013183404420318,0.031588907120445,"Kidney Chromophobe","Primary Tumor"
"878",1,0.013188518231187,0.0316207112551523,"Kidney Chromophobe","Primary Tumor"
"879",1,0.0131936360108653,0.0317069570313451,"Kidney Chromophobe","Primary Tumor"
"880",1,0.0131987577639752,0.0317857027150036,"Kidney Chromophobe","Primary Tumor"
"881",1,0.0132038834951456,0.0318088690673291,"Kidney Chromophobe","Primary Tumor"
"882",1,0.0132090132090132,0.0318142529428144,"Kidney Chromophobe","Primary Tumor"
"883",1,0.0132141469102215,0.0318487477009906,"Kidney Chromophobe","Primary Tumor"
"884",1,0.0132192846034215,0.0318867545030359,"Kidney Chromophobe","Primary Tumor"
"885",1,0.0132244262932711,0.0319257877263001,"Kidney Chromophobe","Primary Tumor"
"886",1,0.0132295719844358,0.0319529153866072,"Kidney Chromophobe","Primary Tumor"
"887",1,0.0132347216815882,0.0320076860379982,"Kidney Chromophobe","Primary Tumor"
"888",1,0.0132398753894081,0.0320111246120873,"Kidney Chromophobe","Primary Tumor"
"889",1,0.0132450331125828,0.0320331613500662,"Kidney Chromophobe","Primary Tumor"
"890",1,0.0132501948558067,0.0321123980424984,"Kidney Chromophobe","Primary Tumor"
"891",1,0.0132553606237817,0.0321989588970114,"Kidney Chromophobe","Primary Tumor"
"892",1,0.0132605304212168,0.0322169575761223,"Kidney Chromophobe","Primary Tumor"
"893",1,0.0132657042528287,0.0322204420567058,"Kidney Chromophobe","Primary Tumor"
"894",1,0.0132708821233411,0.0322424603105133,"Kidney Chromophobe","Primary Tumor"
"895",1,0.0132760640374854,0.0322541641112645,"Kidney Chromophobe","Primary Tumor"
"896",1,0.01328125,0.0322919978803399,"Kidney Chromophobe","Primary Tumor"
"897",1,0.0132864400156311,0.032330845310873,"Kidney Chromophobe","Primary Tumor"
"898",1,0.0132916340891321,0.0324053836500138,"Kidney Chromophobe","Primary Tumor"
"899",1,0.013296832225264,0.032418776098647,"Kidney Chromophobe","Primary Tumor"
"900",1,0.013302034428795,0.0324705617470351,"Kidney Chromophobe","Primary Tumor"
"901",1,0.013307240704501,0.0325024618830119,"Kidney Chromophobe","Primary Tumor"
"902",1,0.0133124510571652,0.0325060484194416,"Kidney Chromophobe","Primary Tumor"
"903",1,0.0133176654915785,0.0325948297992002,"Kidney Chromophobe","Primary Tumor"
"904",1,0.0133228840125392,0.0326025653447487,"Kidney Chromophobe","Primary Tumor"
"905",1,0.013328106624853,0.0326529512315306,"Kidney Chromophobe","Primary Tumor"
"906",1,0.0133333333333333,0.0326793578525856,"Kidney Chromophobe","Primary Tumor"
"907",1,0.0133385641428011,0.0327014350306112,"Kidney Chromophobe","Primary Tumor"
"908",1,0.0133437990580848,0.0327351636759931,"Kidney Chromophobe","Primary Tumor"
"909",1,0.0133490380840204,0.0328330930586485,"Kidney Chromophobe","Primary Tumor"
"910",1,0.0133542812254517,0.032858787328454,"Kidney Chromophobe","Primary Tumor"
"911",1,0.0133595284872299,0.0329436758277271,"Kidney Chromophobe","Primary Tumor"
"912",1,0.0133647798742138,0.0329611217244711,"Kidney Chromophobe","Primary Tumor"
"913",1,0.0133700353912702,0.0329659442334595,"Kidney Chromophobe","Primary Tumor"
"914",1,0.013375295043273,0.0329941965271501,"Kidney Chromophobe","Primary Tumor"
"915",1,0.0133805588351043,0.0330407928736666,"Kidney Chromophobe","Primary Tumor"
"916",1,0.0133858267716535,0.0330868280503651,"Kidney Chromophobe","Primary Tumor"
"917",1,0.013391098857818,0.0331285081658747,"Kidney Chromophobe","Primary Tumor"
"918",1,0.0134016554986204,0.0332172786998078,"Kidney Chromophobe","Primary Tumor"
"919",1,0.0134069400630915,0.0332912361338879,"Kidney Chromophobe","Primary Tumor"
"920",1,0.0134122287968442,0.0333073046126749,"Kidney Chromophobe","Primary Tumor"
"921",1,0.0134175217048145,0.0333134205195646,"Kidney Chromophobe","Primary Tumor"
"922",1,0.0134228187919463,0.0333753176247453,"Kidney Chromophobe","Primary Tumor"
"923",1,0.0134281200631912,0.0335268268973926,"Kidney Chromophobe","Primary Tumor"
"924",1,0.0134334255235085,0.0335375284305725,"Kidney Chromophobe","Primary Tumor"
"925",1,0.0134387351778656,0.0335546584187609,"Kidney Chromophobe","Primary Tumor"
"926",1,0.0134440490312376,0.0336333339701174,"Kidney Chromophobe","Primary Tumor"
"927",1,0.0134493670886076,0.033647318079763,"Kidney Chromophobe","Primary Tumor"
"928",1,0.0134546893549664,0.0336705650528027,"Kidney Chromophobe","Primary Tumor"
"929",1,0.0134600158353127,0.0337133469325732,"Kidney Chromophobe","Primary Tumor"
"930",1,0.0134653465346535,0.0337480206680504,"Kidney Chromophobe","Primary Tumor"
"931",1,0.0134706814580032,0.0339007045913119,"Kidney Chromophobe","Primary Tumor"
"932",1,0.0134760206103845,0.0339302878274343,"Kidney Chromophobe","Primary Tumor"
"933",1,0.0134813639968279,0.0340291260580136,"Kidney Chromophobe","Primary Tumor"
"934",1,0.0134867116223721,0.0340718421980796,"Kidney Chromophobe","Primary Tumor"
"935",1,0.0134920634920635,0.0340757430519884,"Kidney Chromophobe","Primary Tumor"
"936",1,0.0134974196109567,0.0340786601017899,"Kidney Chromophobe","Primary Tumor"
"937",1,0.0135027799841144,0.0341032032236934,"Kidney Chromophobe","Primary Tumor"
"938",1,0.0135081446166071,0.0341595736678446,"Kidney Chromophobe","Primary Tumor"
"939",1,0.0135135135135135,0.0341612971413439,"Kidney Chromophobe","Primary Tumor"
"940",1,0.0135188866799205,0.0342678583102817,"Kidney Chromophobe","Primary Tumor"
"941",1,0.0135242641209228,0.0342956836693614,"Kidney Chromophobe","Primary Tumor"
"942",1,0.0135296458416236,0.0342962752767013,"Kidney Chromophobe","Primary Tumor"
"943",1,0.0135350318471338,0.0343095960628287,"Kidney Chromophobe","Primary Tumor"
"944",1,0.0135404221425727,0.0343590290317529,"Kidney Chromophobe","Primary Tumor"
"945",1,0.0135458167330677,0.0344168209725695,"Kidney Chromophobe","Primary Tumor"
"946",1,0.0135512156237545,0.0344237663657753,"Kidney Chromophobe","Primary Tumor"
"947",1,0.0135566188197767,0.0344956855103495,"Kidney Chromophobe","Primary Tumor"
"948",1,0.0135620263262864,0.03458946667307,"Kidney Chromophobe","Primary Tumor"
"949",1,0.0135674381484437,0.0346058362905761,"Kidney Chromophobe","Primary Tumor"
"950",1,0.0135728542914172,0.0346116838673171,"Kidney Chromophobe","Primary Tumor"
"951",1,0.0135782747603834,0.034670955736487,"Kidney Chromophobe","Primary Tumor"
"952",1,0.0135836995605274,0.0347235174507422,"Kidney Chromophobe","Primary Tumor"
"953",1,0.0135891286970424,0.0347598644098819,"Kidney Chromophobe","Primary Tumor"
"954",1,0.0135945621751299,0.0349004993159829,"Kidney Chromophobe","Primary Tumor"
"955",1,0.0136,0.0349165840628038,"Kidney Chromophobe","Primary Tumor"
"956",1,0.0136054421768707,0.0350319112577196,"Kidney Chromophobe","Primary Tumor"
"957",1,0.0136108887109688,0.035039653602376,"Kidney Chromophobe","Primary Tumor"
"958",1,0.013616339607529,0.0350889324310613,"Kidney Chromophobe","Primary Tumor"
"959",1,0.0136217948717949,0.0350954266740811,"Kidney Chromophobe","Primary Tumor"
"960",1,0.013627254509018,0.0351607341139705,"Kidney Chromophobe","Primary Tumor"
"961",1,0.0136327185244587,0.0351699676219371,"Kidney Chromophobe","Primary Tumor"
"962",1,0.0136381869233855,0.0351959229077788,"Kidney Chromophobe","Primary Tumor"
"963",1,0.0136436597110754,0.0351996629948463,"Kidney Chromophobe","Primary Tumor"
"964",1,0.0136491368928141,0.0352088423134868,"Kidney Chromophobe","Primary Tumor"
"965",1,0.0136546184738956,0.0352796568639601,"Kidney Chromophobe","Primary Tumor"
"966",1,0.0136601044596223,0.0353669960523719,"Kidney Chromophobe","Primary Tumor"
"967",1,0.0136655948553055,0.0353851640227251,"Kidney Chromophobe","Primary Tumor"
"968",1,0.0136710896662646,0.0355323747487759,"Kidney Chromophobe","Primary Tumor"
"969",1,0.0136765888978278,0.0355367857332208,"Kidney Chromophobe","Primary Tumor"
"970",1,0.013682092555332,0.0355462531171424,"Kidney Chromophobe","Primary Tumor"
"971",1,0.0136876006441224,0.0355773782575349,"Kidney Chromophobe","Primary Tumor"
"972",0.970588235294118,0.013290374546919,0.035636607390241,"Kidney Chromophobe","Primary Tumor"
"973",0.970588235294118,0.0133010882708585,0.0356548738858911,"Kidney Chromophobe","Primary Tumor"
"974",0.970588235294118,0.0133064516129032,0.0356750766349599,"Kidney Chromophobe","Primary Tumor"
"975",0.970588235294118,0.0133118192819685,0.0357473514543319,"Kidney Chromophobe","Primary Tumor"
"976",0.970588235294118,0.013317191283293,0.0358138194051,"Kidney Chromophobe","Primary Tumor"
"977",0.970588235294118,0.0133225676221235,0.0359117497259994,"Kidney Chromophobe","Primary Tumor"
"978",0.970588235294118,0.0133279483037157,0.035939319792676,"Kidney Chromophobe","Primary Tumor"
"979",0.970588235294118,0.0133333333333333,0.0360471797506683,"Kidney Chromophobe","Primary Tumor"
"980",0.970588235294118,0.013338722716249,0.036049991619141,"Kidney Chromophobe","Primary Tumor"
"981",0.970588235294118,0.0133441164577436,0.0361450226987382,"Kidney Chromophobe","Primary Tumor"
"982",0.970588235294118,0.0133495145631068,0.0361654192312982,"Kidney Chromophobe","Primary Tumor"
"983",0.970588235294118,0.0133549170376366,0.0362671448241968,"Kidney Chromophobe","Primary Tumor"
"984",0.970588235294118,0.0133603238866397,0.0362823800665747,"Kidney Chromophobe","Primary Tumor"
"985",0.970588235294118,0.0133657351154313,0.0363003023103707,"Kidney Chromophobe","Primary Tumor"
"986",0.970588235294118,0.0133711507293355,0.0363183040142842,"Kidney Chromophobe","Primary Tumor"
"987",0.970588235294118,0.0133765707336846,0.0363783634189198,"Kidney Chromophobe","Primary Tumor"
"988",0.970588235294118,0.01338199513382,0.0363841703663135,"Kidney Chromophobe","Primary Tumor"
"989",0.970588235294118,0.0133874239350913,0.0363960182367365,"Kidney Chromophobe","Primary Tumor"
"990",0.970588235294118,0.0133928571428571,0.0364521756093106,"Kidney Chromophobe","Primary Tumor"
"991",0.970588235294118,0.0133982947624848,0.0365290544592804,"Kidney Chromophobe","Primary Tumor"
"992",0.970588235294118,0.0134037367993501,0.0366477484041672,"Kidney Chromophobe","Primary Tumor"
"993",0.970588235294118,0.0134091832588379,0.0367388977847606,"Kidney Chromophobe","Primary Tumor"
"994",0.970588235294118,0.0134146341463415,0.0368386124300506,"Kidney Chromophobe","Primary Tumor"
"995",0.970588235294118,0.0134200894672631,0.0368515571027477,"Kidney Chromophobe","Primary Tumor"
"996",0.970588235294118,0.0134255492270138,0.0368983712043328,"Kidney Chromophobe","Primary Tumor"
"997",0.970588235294118,0.0134310134310134,0.0369169142548195,"Kidney Chromophobe","Primary Tumor"
"998",0.970588235294118,0.0134364820846906,0.0369205952044198,"Kidney Chromophobe","Primary Tumor"
"999",0.970588235294118,0.0134419551934827,0.0369308472707795,"Kidney Chromophobe","Primary Tumor"
"1000",0.970588235294118,0.0134474327628362,0.0370755193669634,"Kidney Chromophobe","Primary Tumor"
"1001",0.970588235294118,0.0134529147982063,0.0371156348488894,"Kidney Chromophobe","Primary Tumor"
"1002",0.970588235294118,0.0134584013050571,0.0371347816629369,"Kidney Chromophobe","Primary Tumor"
"1003",0.970588235294118,0.0134638922888617,0.0371699034244501,"Kidney Chromophobe","Primary Tumor"
"1004",0.970588235294118,0.013469387755102,0.0372211186789765,"Kidney Chromophobe","Primary Tumor"
"1005",0.970588235294118,0.0134748877092691,0.0372529591062753,"Kidney Chromophobe","Primary Tumor"
"1006",0.970588235294118,0.0134803921568627,0.0372738297980654,"Kidney Chromophobe","Primary Tumor"
"1007",0.970588235294118,0.0134859011033919,0.0372967010199707,"Kidney Chromophobe","Primary Tumor"
"1008",0.970588235294118,0.0134914145543745,0.0374919011928105,"Kidney Chromophobe","Primary Tumor"
"1009",0.970588235294118,0.0134969325153374,0.0375379460635763,"Kidney Chromophobe","Primary Tumor"
"1010",0.970588235294118,0.0135024549918167,0.0375718582830393,"Kidney Chromophobe","Primary Tumor"
"1011",0.970588235294118,0.0135079819893573,0.0376232132568487,"Kidney Chromophobe","Primary Tumor"
"1012",0.970588235294118,0.0135135135135135,0.0377168148288652,"Kidney Chromophobe","Primary Tumor"
"1013",0.970588235294118,0.0135190495698484,0.0377495800828568,"Kidney Chromophobe","Primary Tumor"
"1014",0.970588235294118,0.0135245901639344,0.0377552541088673,"Kidney Chromophobe","Primary Tumor"
"1015",0.970588235294118,0.013530135301353,0.0378471649757417,"Kidney Chromophobe","Primary Tumor"
"1016",0.970588235294118,0.0135356849876948,0.037856653790102,"Kidney Chromophobe","Primary Tumor"
"1017",0.970588235294118,0.0135412392285597,0.0379452922879995,"Kidney Chromophobe","Primary Tumor"
"1018",0.970588235294118,0.0135467980295567,0.0379771904166513,"Kidney Chromophobe","Primary Tumor"
"1019",0.970588235294118,0.0135523613963039,0.0380439585506079,"Kidney Chromophobe","Primary Tumor"
"1020",0.970588235294118,0.0135579293344289,0.0380502438278208,"Kidney Chromophobe","Primary Tumor"
"1021",0.970588235294118,0.0135635018495684,0.0381285306350233,"Kidney Chromophobe","Primary Tumor"
"1022",0.970588235294118,0.0135690789473684,0.0382157096906406,"Kidney Chromophobe","Primary Tumor"
"1023",0.970588235294118,0.0135746606334842,0.0383745601338359,"Kidney Chromophobe","Primary Tumor"
"1024",0.970588235294118,0.0135802469135802,0.0384277051087511,"Kidney Chromophobe","Primary Tumor"
"1025",0.970588235294118,0.0135858377933306,0.0384656136256285,"Kidney Chromophobe","Primary Tumor"
"1026",0.970588235294118,0.0135914332784185,0.0385232963846809,"Kidney Chromophobe","Primary Tumor"
"1027",0.970588235294118,0.0135970333745365,0.0385634501534492,"Kidney Chromophobe","Primary Tumor"
"1028",0.970588235294118,0.0136026380873866,0.0386680237126591,"Kidney Chromophobe","Primary Tumor"
"1029",0.970588235294118,0.0136082474226804,0.0386705480586198,"Kidney Chromophobe","Primary Tumor"
"1030",0.970588235294118,0.0136138613861386,0.0387353860926814,"Kidney Chromophobe","Primary Tumor"
"1031",0.970588235294118,0.0136194799834915,0.0387383935014473,"Kidney Chromophobe","Primary Tumor"
"1032",0.970588235294118,0.0136251032204789,0.0388007876571186,"Kidney Chromophobe","Primary Tumor"
"1033",0.970588235294118,0.0136307311028501,0.0388370353420056,"Kidney Chromophobe","Primary Tumor"
"1034",0.970588235294118,0.0136363636363636,0.0388469065990727,"Kidney Chromophobe","Primary Tumor"
"1035",0.970588235294118,0.0136420008267879,0.0388999830587939,"Kidney Chromophobe","Primary Tumor"
"1036",0.970588235294118,0.0136476426799007,0.0389022211415448,"Kidney Chromophobe","Primary Tumor"
"1037",0.970588235294118,0.0136532892014894,0.0389453571852697,"Kidney Chromophobe","Primary Tumor"
"1038",0.970588235294118,0.013658940397351,0.0389747830824853,"Kidney Chromophobe","Primary Tumor"
"1039",0.970588235294118,0.0136645962732919,0.0390181503011001,"Kidney Chromophobe","Primary Tumor"
"1040",0.970588235294118,0.0136702568351284,0.0391307755796061,"Kidney Chromophobe","Primary Tumor"
"1041",0.970588235294118,0.0136759220886863,0.0391463583756083,"Kidney Chromophobe","Primary Tumor"
"1042",0.970588235294118,0.013681592039801,0.0392261641422952,"Kidney Chromophobe","Primary Tumor"
"1043",0.970588235294118,0.0136872666943177,0.0392785123326361,"Kidney Chromophobe","Primary Tumor"
"1044",0.970588235294118,0.0136929460580913,0.0394283075900711,"Kidney Chromophobe","Primary Tumor"
"1045",0.970588235294118,0.0136986301369863,0.0394571478666684,"Kidney Chromophobe","Primary Tumor"
"1046",0.970588235294118,0.0137043189368771,0.0395504042926272,"Kidney Chromophobe","Primary Tumor"
"1047",0.970588235294118,0.0137100124636477,0.0396772430206249,"Kidney Chromophobe","Primary Tumor"
"1048",0.970588235294118,0.013715710723192,0.0396804264939025,"Kidney Chromophobe","Primary Tumor"
"1049",0.970588235294118,0.0137214137214137,0.0397390601654876,"Kidney Chromophobe","Primary Tumor"
"1050",0.970588235294118,0.0137271214642263,0.0398027685374823,"Kidney Chromophobe","Primary Tumor"
"1051",0.970588235294118,0.0137328339575531,0.0398767048861689,"Kidney Chromophobe","Primary Tumor"
"1052",0.970588235294118,0.0137385512073272,0.0400621011703654,"Kidney Chromophobe","Primary Tumor"
"1053",0.970588235294118,0.0137442732194919,0.0400739953670559,"Kidney Chromophobe","Primary Tumor"
"1054",0.970588235294118,0.01375,0.0400841094087701,"Kidney Chromophobe","Primary Tumor"
"1055",0.970588235294118,0.0137557315548145,0.0400882634591068,"Kidney Chromophobe","Primary Tumor"
"1056",0.970588235294118,0.0137614678899083,0.0401438007330163,"Kidney Chromophobe","Primary Tumor"
"1057",0.970588235294118,0.0137672090112641,0.0401826211483718,"Kidney Chromophobe","Primary Tumor"
"1058",0.970588235294118,0.0137729549248748,0.0402023411418064,"Kidney Chromophobe","Primary Tumor"
"1059",0.970588235294118,0.0137787056367432,0.0402258939605884,"Kidney Chromophobe","Primary Tumor"
"1060",0.970588235294118,0.0137844611528822,0.0402948694623562,"Kidney Chromophobe","Primary Tumor"
"1061",0.970588235294118,0.0137902214793147,0.0403622671665689,"Kidney Chromophobe","Primary Tumor"
"1062",0.970588235294118,0.0137959866220736,0.0404642032572932,"Kidney Chromophobe","Primary Tumor"
"1063",0.970588235294118,0.013801756587202,0.0404734688235312,"Kidney Chromophobe","Primary Tumor"
"1064",0.970588235294118,0.0138075313807531,0.0405531291872221,"Kidney Chromophobe","Primary Tumor"
"1065",0.970588235294118,0.0138133110087903,0.0405969381128771,"Kidney Chromophobe","Primary Tumor"
"1066",0.970588235294118,0.0138190954773869,0.0407275636549174,"Kidney Chromophobe","Primary Tumor"
"1067",0.970588235294118,0.0138248847926267,0.0408498358316996,"Kidney Chromophobe","Primary Tumor"
"1068",0.970588235294118,0.0138306789606035,0.0409182811126442,"Kidney Chromophobe","Primary Tumor"
"1069",0.970588235294118,0.0138364779874214,0.04092169328852,"Kidney Chromophobe","Primary Tumor"
"1070",0.970588235294118,0.0138422818791946,0.0409520783713806,"Kidney Chromophobe","Primary Tumor"
"1071",0.970588235294118,0.0138480906420478,0.041076893052533,"Kidney Chromophobe","Primary Tumor"
"1072",0.970588235294118,0.0138539042821159,0.0411242468687476,"Kidney Chromophobe","Primary Tumor"
"1073",0.970588235294118,0.0138597228055439,0.041155966572291,"Kidney Chromophobe","Primary Tumor"
"1074",0.970588235294118,0.0138655462184874,0.0411936154660478,"Kidney Chromophobe","Primary Tumor"
"1075",0.970588235294118,0.0138713745271122,0.0412461131789785,"Kidney Chromophobe","Primary Tumor"
"1076",0.970588235294118,0.0138772077375946,0.0413263758157528,"Kidney Chromophobe","Primary Tumor"
"1077",0.970588235294118,0.0138830458561212,0.0413341656970011,"Kidney Chromophobe","Primary Tumor"
"1078",0.970588235294118,0.0138888888888889,0.0413884285265291,"Kidney Chromophobe","Primary Tumor"
"1079",0.970588235294118,0.0138947368421053,0.0414519915011897,"Kidney Chromophobe","Primary Tumor"
"1080",0.970588235294118,0.0139005897219882,0.0415434002377903,"Kidney Chromophobe","Primary Tumor"
"1081",0.970588235294118,0.0139064475347661,0.0416254076306794,"Kidney Chromophobe","Primary Tumor"
"1082",0.970588235294118,0.0139123102866779,0.0416700593534195,"Kidney Chromophobe","Primary Tumor"
"1083",0.970588235294118,0.013918177983973,0.0416926692063965,"Kidney Chromophobe","Primary Tumor"
"1084",0.970588235294118,0.0139240506329114,0.0416936901424472,"Kidney Chromophobe","Primary Tumor"
"1085",0.970588235294118,0.0139299282397636,0.0417145966757937,"Kidney Chromophobe","Primary Tumor"
"1086",0.970588235294118,0.0139358108108108,0.0418279472343147,"Kidney Chromophobe","Primary Tumor"
"1087",0.970588235294118,0.0139416983523447,0.0418460640064049,"Kidney Chromophobe","Primary Tumor"
"1088",0.970588235294118,0.0139475908706678,0.0418707060284942,"Kidney Chromophobe","Primary Tumor"
"1089",0.970588235294118,0.013953488372093,0.0419192087687667,"Kidney Chromophobe","Primary Tumor"
"1090",0.970588235294118,0.0139593908629442,0.0419670002644939,"Kidney Chromophobe","Primary Tumor"
"1091",0.970588235294118,0.0139652983495556,0.0420519065551773,"Kidney Chromophobe","Primary Tumor"
"1092",0.970588235294118,0.0139712108382727,0.0421326541331738,"Kidney Chromophobe","Primary Tumor"
"1093",0.970588235294118,0.0139771283354511,0.0421872964108732,"Kidney Chromophobe","Primary Tumor"
"1094",0.970588235294118,0.0139830508474576,0.0423934138183831,"Kidney Chromophobe","Primary Tumor"
"1095",0.970588235294118,0.0139889783806698,0.0424089810487391,"Kidney Chromophobe","Primary Tumor"
"1096",0.970588235294118,0.0139949109414758,0.04248345183011,"Kidney Chromophobe","Primary Tumor"
"1097",0.970588235294118,0.0140008485362749,0.042529107411268,"Kidney Chromophobe","Primary Tumor"
"1098",0.970588235294118,0.0140067911714771,0.0426633647770365,"Kidney Chromophobe","Primary Tumor"
"1099",0.970588235294118,0.0140127388535032,0.042879004364783,"Kidney Chromophobe","Primary Tumor"
"1100",0.970588235294118,0.014018691588785,0.0430298613207573,"Kidney Chromophobe","Primary Tumor"
"1101",0.970588235294118,0.0140246493837654,0.0430377357486021,"Kidney Chromophobe","Primary Tumor"
"1102",0.970588235294118,0.014030612244898,0.0430381912742354,"Kidney Chromophobe","Primary Tumor"
"1103",0.970588235294118,0.0140365801786474,0.0431818432879719,"Kidney Chromophobe","Primary Tumor"
"1104",0.970588235294118,0.0140425531914894,0.0432276057588771,"Kidney Chromophobe","Primary Tumor"
"1105",0.970588235294118,0.0140485312899106,0.0432589493582393,"Kidney Chromophobe","Primary Tumor"
"1106",0.970588235294118,0.0140545144804089,0.0432673802732761,"Kidney Chromophobe","Primary Tumor"
"1107",0.970588235294118,0.014060502769493,0.0432988353454722,"Kidney Chromophobe","Primary Tumor"
"1108",0.970588235294118,0.0140664961636829,0.0433607134469245,"Kidney Chromophobe","Primary Tumor"
"1109",0.970588235294118,0.0140724946695096,0.0434939791394178,"Kidney Chromophobe","Primary Tumor"
"1110",0.970588235294118,0.0140784982935154,0.0435492821391265,"Kidney Chromophobe","Primary Tumor"
"1111",0.970588235294118,0.0140845070422535,0.0436028459633519,"Kidney Chromophobe","Primary Tumor"
"1112",0.970588235294118,0.0140905209222886,0.0436218818108776,"Kidney Chromophobe","Primary Tumor"
"1113",0.970588235294118,0.0140965399401965,0.0437464646838036,"Kidney Chromophobe","Primary Tumor"
"1114",0.970588235294118,0.0141025641025641,0.0438158282689666,"Kidney Chromophobe","Primary Tumor"
"1115",0.970588235294118,0.0141085934159897,0.0438901356429612,"Kidney Chromophobe","Primary Tumor"
"1116",0.970588235294118,0.014114627887083,0.0439302839234517,"Kidney Chromophobe","Primary Tumor"
"1117",0.970588235294118,0.0141206675224647,0.0439426510186598,"Kidney Chromophobe","Primary Tumor"
"1118",0.970588235294118,0.0141267123287671,0.0439723599763399,"Kidney Chromophobe","Primary Tumor"
"1119",0.970588235294118,0.0141327623126338,0.0439805075863806,"Kidney Chromophobe","Primary Tumor"
"1120",0.970588235294118,0.0141388174807198,0.0439993554224276,"Kidney Chromophobe","Primary Tumor"
"1121",0.970588235294118,0.0141448778396914,0.0440620388755907,"Kidney Chromophobe","Primary Tumor"
"1122",0.970588235294118,0.0141509433962264,0.044132095457672,"Kidney Chromophobe","Primary Tumor"
"1123",0.970588235294118,0.0141570141570142,0.044191932278029,"Kidney Chromophobe","Primary Tumor"
"1124",0.970588235294118,0.0141630901287554,0.0442698103673469,"Kidney Chromophobe","Primary Tumor"
"1125",0.970588235294118,0.0141691713181623,0.0443086430784842,"Kidney Chromophobe","Primary Tumor"
"1126",0.970588235294118,0.0141752577319588,0.0443921282922762,"Kidney Chromophobe","Primary Tumor"
"1127",0.970588235294118,0.0141813493768801,0.0444852951399233,"Kidney Chromophobe","Primary Tumor"
"1128",0.970588235294118,0.0141874462596733,0.0445383338828283,"Kidney Chromophobe","Primary Tumor"
"1129",0.970588235294118,0.0141935483870968,0.0445869454383136,"Kidney Chromophobe","Primary Tumor"
"1130",0.970588235294118,0.0141996557659208,0.0447948188854387,"Kidney Chromophobe","Primary Tumor"
"1131",0.970588235294118,0.0142057684029272,0.044878148237285,"Kidney Chromophobe","Primary Tumor"
"1132",0.970588235294118,0.0142118863049096,0.0449075738867474,"Kidney Chromophobe","Primary Tumor"
"1133",0.970588235294118,0.014218009478673,0.0449527237055942,"Kidney Chromophobe","Primary Tumor"
"1134",0.970588235294118,0.0142241379310345,0.0449663892389438,"Kidney Chromophobe","Primary Tumor"
"1135",0.970588235294118,0.0142302716688228,0.0449679699314084,"Kidney Chromophobe","Primary Tumor"
"1136",0.970588235294118,0.0142364106988783,0.0449770291068149,"Kidney Chromophobe","Primary Tumor"
"1137",0.970588235294118,0.0142425550280535,0.0450513535509865,"Kidney Chromophobe","Primary Tumor"
"1138",0.970588235294118,0.0142487046632124,0.0450841747847651,"Kidney Chromophobe","Primary Tumor"
"1139",0.970588235294118,0.0142548596112311,0.0451305172659421,"Kidney Chromophobe","Primary Tumor"
"1140",0.970588235294118,0.0142610198789974,0.045178352807383,"Kidney Chromophobe","Primary Tumor"
"1141",0.970588235294118,0.0142671854734112,0.0452986758286799,"Kidney Chromophobe","Primary Tumor"
"1142",0.970588235294118,0.0142733564013841,0.0453118017193438,"Kidney Chromophobe","Primary Tumor"
"1143",0.970588235294118,0.0142795326698399,0.0454167895704861,"Kidney Chromophobe","Primary Tumor"
"1144",0.970588235294118,0.0142857142857143,0.0455237133948591,"Kidney Chromophobe","Primary Tumor"
"1145",0.970588235294118,0.014291901255955,0.0455396800996185,"Kidney Chromophobe","Primary Tumor"
"1146",0.970588235294118,0.0142980935875217,0.0455583297774481,"Kidney Chromophobe","Primary Tumor"
"1147",0.970588235294118,0.0143042912873862,0.0455732738548011,"Kidney Chromophobe","Primary Tumor"
"1148",0.970588235294118,0.0143104943625325,0.0455793938403128,"Kidney Chromophobe","Primary Tumor"
"1149",0.970588235294118,0.0143167028199566,0.0456271073312971,"Kidney Chromophobe","Primary Tumor"
"1150",0.970588235294118,0.0143229166666667,0.04574562685285,"Kidney Chromophobe","Primary Tumor"
"1151",0.970588235294118,0.014329135909683,0.0458178099867545,"Kidney Chromophobe","Primary Tumor"
"1152",0.970588235294118,0.0143353605560382,0.0458275767536259,"Kidney Chromophobe","Primary Tumor"
"1153",0.970588235294118,0.0143415906127771,0.0458440928942066,"Kidney Chromophobe","Primary Tumor"
"1154",0.970588235294118,0.0143478260869565,0.0458496223680594,"Kidney Chromophobe","Primary Tumor"
"1155",0.970588235294118,0.0143540669856459,0.0460867495393979,"Kidney Chromophobe","Primary Tumor"
"1156",0.970588235294118,0.0143603133159269,0.0461621866617068,"Kidney Chromophobe","Primary Tumor"
"1157",0.970588235294118,0.0143665650848933,0.0462618120208332,"Kidney Chromophobe","Primary Tumor"
"1158",0.970588235294118,0.0143728222996516,0.0462752146155374,"Kidney Chromophobe","Primary Tumor"
"1159",0.970588235294118,0.0143790849673203,0.0463040529132868,"Kidney Chromophobe","Primary Tumor"
"1160",0.970588235294118,0.0143853530950305,0.0463971092520196,"Kidney Chromophobe","Primary Tumor"
"1161",0.970588235294118,0.0143916266899259,0.0466316797201865,"Kidney Chromophobe","Primary Tumor"
"1162",0.970588235294118,0.0143979057591623,0.0466624073774576,"Kidney Chromophobe","Primary Tumor"
"1163",0.970588235294118,0.0144041903099083,0.0467101264982027,"Kidney Chromophobe","Primary Tumor"
"1164",0.970588235294118,0.014410480349345,0.0467318271567458,"Kidney Chromophobe","Primary Tumor"
"1165",0.970588235294118,0.0144167758846658,0.0467441634582514,"Kidney Chromophobe","Primary Tumor"
"1166",0.970588235294118,0.0144230769230769,0.0467849506723256,"Kidney Chromophobe","Primary Tumor"
"1167",0.970588235294118,0.0144293834717971,0.0469488774895433,"Kidney Chromophobe","Primary Tumor"
"1168",0.970588235294118,0.0144356955380577,0.046957540744127,"Kidney Chromophobe","Primary Tumor"
"1169",0.970588235294118,0.0144420131291028,0.0469806701743701,"Kidney Chromophobe","Primary Tumor"
"1170",0.970588235294118,0.0144483362521891,0.0469892329564879,"Kidney Chromophobe","Primary Tumor"
"1171",0.970588235294118,0.0144546649145861,0.0470301954195723,"Kidney Chromophobe","Primary Tumor"
"1172",0.970588235294118,0.0144609991235758,0.0470862836249256,"Kidney Chromophobe","Primary Tumor"
"1173",0.970588235294118,0.0144673388864533,0.0470956814710971,"Kidney Chromophobe","Primary Tumor"
"1174",0.970588235294118,0.0144736842105263,0.0471249545191012,"Kidney Chromophobe","Primary Tumor"
"1175",0.970588235294118,0.0144800351031154,0.0473275538481716,"Kidney Chromophobe","Primary Tumor"
"1176",0.970588235294118,0.014486391571554,0.0473599395954256,"Kidney Chromophobe","Primary Tumor"
"1177",0.970588235294118,0.0144927536231884,0.0474588825264555,"Kidney Chromophobe","Primary Tumor"
"1178",0.970588235294118,0.0144991212653779,0.047575111686449,"Kidney Chromophobe","Primary Tumor"
"1179",0.970588235294118,0.0145054945054945,0.0476044128472119,"Kidney Chromophobe","Primary Tumor"
"1180",0.970588235294118,0.0145118733509235,0.0477052931735106,"Kidney Chromophobe","Primary Tumor"
"1181",0.970588235294118,0.0145182578090629,0.0477478473254625,"Kidney Chromophobe","Primary Tumor"
"1182",0.970588235294118,0.0145246478873239,0.0477483465843703,"Kidney Chromophobe","Primary Tumor"
"1183",0.970588235294118,0.0145310435931308,0.0477606739952942,"Kidney Chromophobe","Primary Tumor"
"1184",0.970588235294118,0.0145374449339207,0.0478531209024477,"Kidney Chromophobe","Primary Tumor"
"1185",0.970588235294118,0.0145438519171441,0.0478883231617599,"Kidney Chromophobe","Primary Tumor"
"1186",0.970588235294118,0.0145502645502645,0.0479017243446561,"Kidney Chromophobe","Primary Tumor"
"1187",0.970588235294118,0.0145566828407587,0.047942321589139,"Kidney Chromophobe","Primary Tumor"
"1188",0.970588235294118,0.0145631067961165,0.0480324544354875,"Kidney Chromophobe","Primary Tumor"
"1189",0.970588235294118,0.0145695364238411,0.0480343732649563,"Kidney Chromophobe","Primary Tumor"
"1190",0.970588235294118,0.0145759717314488,0.0480660016611677,"Kidney Chromophobe","Primary Tumor"
"1191",0.970588235294118,0.0145824127264693,0.0481541754753646,"Kidney Chromophobe","Primary Tumor"
"1192",0.970588235294118,0.0145888594164456,0.0482945097404012,"Kidney Chromophobe","Primary Tumor"
"1193",0.970588235294118,0.0145953118089341,0.0483424427448511,"Kidney Chromophobe","Primary Tumor"
"1194",0.970588235294118,0.0146017699115044,0.0483651124474824,"Kidney Chromophobe","Primary Tumor"
"1195",0.970588235294118,0.0146082337317397,0.048424651996838,"Kidney Chromophobe","Primary Tumor"
"1196",0.970588235294118,0.0146211785556048,0.048441721367341,"Kidney Chromophobe","Primary Tumor"
"1197",0.970588235294118,0.0146276595744681,0.0485941517315735,"Kidney Chromophobe","Primary Tumor"
"1198",0.970588235294118,0.0146341463414634,0.048615804358872,"Kidney Chromophobe","Primary Tumor"
"1199",0.970588235294118,0.0146406388642413,0.0486972215037534,"Kidney Chromophobe","Primary Tumor"
"1200",0.970588235294118,0.014647137150466,0.0487073400039091,"Kidney Chromophobe","Primary Tumor"
"1201",0.970588235294118,0.0146536412078153,0.0487952220760578,"Kidney Chromophobe","Primary Tumor"
"1202",0.970588235294118,0.0146601510439805,0.0488003201816969,"Kidney Chromophobe","Primary Tumor"
"1203",0.970588235294118,0.0146666666666667,0.048826136144061,"Kidney Chromophobe","Primary Tumor"
"1204",0.970588235294118,0.0146731880835927,0.0488334086286908,"Kidney Chromophobe","Primary Tumor"
"1205",0.970588235294118,0.0146797153024911,0.0488791045614964,"Kidney Chromophobe","Primary Tumor"
"1206",0.970588235294118,0.0146862483311081,0.0489332436005429,"Kidney Chromophobe","Primary Tumor"
"1207",0.970588235294118,0.0146927871772039,0.049009505072273,"Kidney Chromophobe","Primary Tumor"
"1208",0.970588235294118,0.0146993318485523,0.0493047683219224,"Kidney Chromophobe","Primary Tumor"
"1209",0.970588235294118,0.0147058823529412,0.0493248803953576,"Kidney Chromophobe","Primary Tumor"
"1210",0.970588235294118,0.0147124386981721,0.0494172165884724,"Kidney Chromophobe","Primary Tumor"
"1211",0.970588235294118,0.0147190008920607,0.0494934937551377,"Kidney Chromophobe","Primary Tumor"
"1212",0.970588235294118,0.0147255689424364,0.0495599801519382,"Kidney Chromophobe","Primary Tumor"
"1213",0.970588235294118,0.0147321428571429,0.0496147605023994,"Kidney Chromophobe","Primary Tumor"
"1214",0.970588235294118,0.0147387226440375,0.0496529871601259,"Kidney Chromophobe","Primary Tumor"
"1215",0.970588235294118,0.014745308310992,0.0497100670864692,"Kidney Chromophobe","Primary Tumor"
"1216",0.970588235294118,0.0147518998658918,0.0497102993957929,"Kidney Chromophobe","Primary Tumor"
"1217",0.970588235294118,0.0147584973166369,0.0500466180018839,"Kidney Chromophobe","Primary Tumor"
"1218",0.970588235294118,0.0147651006711409,0.0500477596509747,"Kidney Chromophobe","Primary Tumor"
"1219",0.970588235294118,0.0147717099373321,0.0500859554382915,"Kidney Chromophobe","Primary Tumor"
"1220",0.970588235294118,0.0147783251231527,0.0501201122884266,"Kidney Chromophobe","Primary Tumor"
"1221",0.970588235294118,0.0147849462365591,0.0501738712236163,"Kidney Chromophobe","Primary Tumor"
"1222",0.970588235294118,0.0147915732855222,0.0502637181744818,"Kidney Chromophobe","Primary Tumor"
"1223",0.970588235294118,0.0147982062780269,0.0503003272474568,"Kidney Chromophobe","Primary Tumor"
"1224",0.970588235294118,0.0148048452220727,0.0503429114088547,"Kidney Chromophobe","Primary Tumor"
"1225",0.970588235294118,0.0148114901256732,0.0504655464984069,"Kidney Chromophobe","Primary Tumor"
"1226",0.970588235294118,0.0148181409968568,0.0506134377618777,"Kidney Chromophobe","Primary Tumor"
"1227",0.970588235294118,0.0148247978436658,0.0507392689269329,"Kidney Chromophobe","Primary Tumor"
"1228",0.970588235294118,0.0148314606741573,0.0508390369837304,"Kidney Chromophobe","Primary Tumor"
"1229",0.970588235294118,0.0148381294964029,0.0508695500091096,"Kidney Chromophobe","Primary Tumor"
"1230",0.970588235294118,0.0148448043184885,0.0508701095815369,"Kidney Chromophobe","Primary Tumor"
"1231",0.970588235294118,0.0148514851485149,0.0508909242902685,"Kidney Chromophobe","Primary Tumor"
"1232",0.970588235294118,0.014858171994597,0.0508992238541413,"Kidney Chromophobe","Primary Tumor"
"1233",0.970588235294118,0.0148648648648649,0.0509119978390632,"Kidney Chromophobe","Primary Tumor"
"1234",0.970588235294118,0.0148715637674628,0.0509480293853762,"Kidney Chromophobe","Primary Tumor"
"1235",0.970588235294118,0.01487826871055,0.0510562652260295,"Kidney Chromophobe","Primary Tumor"
"1236",0.970588235294118,0.0148849797023004,0.05106071275551,"Kidney Chromophobe","Primary Tumor"
"1237",0.970588235294118,0.0148916967509025,0.0511045166811089,"Kidney Chromophobe","Primary Tumor"
"1238",0.970588235294118,0.0148984198645598,0.0511172442516803,"Kidney Chromophobe","Primary Tumor"
"1239",0.970588235294118,0.0149051490514905,0.0511387871412884,"Kidney Chromophobe","Primary Tumor"
"1240",0.970588235294118,0.0149118843199277,0.0513782803215538,"Kidney Chromophobe","Primary Tumor"
"1241",0.941176470588235,0.0144665461121157,0.0513923988814197,"Kidney Chromophobe","Primary Tumor"
"1242",0.941176470588235,0.0144730890999548,0.0514258503408594,"Kidney Chromophobe","Primary Tumor"
"1243",0.941176470588235,0.0144796380090498,0.0515345602602907,"Kidney Chromophobe","Primary Tumor"
"1244",0.941176470588235,0.0144861928474423,0.0515608181683671,"Kidney Chromophobe","Primary Tumor"
"1245",0.941176470588235,0.0144927536231884,0.0515741408256537,"Kidney Chromophobe","Primary Tumor"
"1246",0.941176470588235,0.0144993203443589,0.0516303376608736,"Kidney Chromophobe","Primary Tumor"
"1247",0.941176470588235,0.014505893019039,0.0516820984226146,"Kidney Chromophobe","Primary Tumor"
"1248",0.941176470588235,0.0145124716553288,0.0516933658745574,"Kidney Chromophobe","Primary Tumor"
"1249",0.941176470588235,0.014519056261343,0.0517377361527826,"Kidney Chromophobe","Primary Tumor"
"1250",0.941176470588235,0.0145256468452111,0.0517536609213739,"Kidney Chromophobe","Primary Tumor"
"1251",0.941176470588235,0.0145322434150772,0.051849549951948,"Kidney Chromophobe","Primary Tumor"
"1252",0.941176470588235,0.0145388459791004,0.0519179763259503,"Kidney Chromophobe","Primary Tumor"
"1253",0.941176470588235,0.0145454545454545,0.051976472953231,"Kidney Chromophobe","Primary Tumor"
"1254",0.941176470588235,0.0145520691223283,0.052016134967716,"Kidney Chromophobe","Primary Tumor"
"1255",0.941176470588235,0.0145586897179254,0.0520905569397589,"Kidney Chromophobe","Primary Tumor"
"1256",0.941176470588235,0.0145653163404643,0.052162082496078,"Kidney Chromophobe","Primary Tumor"
"1257",0.941176470588235,0.0145719489981785,0.0522524844756176,"Kidney Chromophobe","Primary Tumor"
"1258",0.941176470588235,0.0145785876993166,0.0523245663218636,"Kidney Chromophobe","Primary Tumor"
"1259",0.941176470588235,0.0145852324521422,0.0525157453225064,"Kidney Chromophobe","Primary Tumor"
"1260",0.941176470588235,0.0145918832649339,0.0526189285409196,"Kidney Chromophobe","Primary Tumor"
"1261",0.941176470588235,0.0145985401459854,0.0527433159866782,"Kidney Chromophobe","Primary Tumor"
"1262",0.941176470588235,0.0146052031036057,0.0528693691289745,"Kidney Chromophobe","Primary Tumor"
"1263",0.941176470588235,0.0146118721461187,0.0528810849043941,"Kidney Chromophobe","Primary Tumor"
"1264",0.941176470588235,0.0146185472818639,0.0529842270274439,"Kidney Chromophobe","Primary Tumor"
"1265",0.941176470588235,0.0146252285191956,0.053132098277557,"Kidney Chromophobe","Primary Tumor"
"1266",0.941176470588235,0.0146319158664838,0.0531509688852986,"Kidney Chromophobe","Primary Tumor"
"1267",0.941176470588235,0.0146386093321134,0.053230988528287,"Kidney Chromophobe","Primary Tumor"
"1268",0.941176470588235,0.0146453089244851,0.0533125316081836,"Kidney Chromophobe","Primary Tumor"
"1269",0.941176470588235,0.0146520146520147,0.0533825243200756,"Kidney Chromophobe","Primary Tumor"
"1270",0.941176470588235,0.0146587265231333,0.0534671175356267,"Kidney Chromophobe","Primary Tumor"
"1271",0.941176470588235,0.0146654445462878,0.0535374518648541,"Kidney Chromophobe","Primary Tumor"
"1272",0.941176470588235,0.0146721687299404,0.0535375407914466,"Kidney Chromophobe","Primary Tumor"
"1273",0.941176470588235,0.0146788990825688,0.05358400980057,"Kidney Chromophobe","Primary Tumor"
"1274",0.941176470588235,0.0146856356126664,0.0537076617665923,"Kidney Chromophobe","Primary Tumor"
"1275",0.941176470588235,0.014692378328742,0.0537456707662918,"Kidney Chromophobe","Primary Tumor"
"1276",0.941176470588235,0.0146991272393202,0.0537700612205557,"Kidney Chromophobe","Primary Tumor"
"1277",0.941176470588235,0.0147058823529412,0.0537872514733961,"Kidney Chromophobe","Primary Tumor"
"1278",0.941176470588235,0.0147126436781609,0.0538394810099577,"Kidney Chromophobe","Primary Tumor"
"1279",0.941176470588235,0.0147194112235511,0.0538417751383626,"Kidney Chromophobe","Primary Tumor"
"1280",0.941176470588235,0.014726184997699,0.0538419588367988,"Kidney Chromophobe","Primary Tumor"
"1281",0.941176470588235,0.0147329650092081,0.0539640449443938,"Kidney Chromophobe","Primary Tumor"
"1282",0.941176470588235,0.0147397512666974,0.0540840554362037,"Kidney Chromophobe","Primary Tumor"
"1283",0.941176470588235,0.0147465437788018,0.0542511915912314,"Kidney Chromophobe","Primary Tumor"
"1284",0.941176470588235,0.0147533425541724,0.0542699673352066,"Kidney Chromophobe","Primary Tumor"
"1285",0.941176470588235,0.014760147601476,0.0544018255690981,"Kidney Chromophobe","Primary Tumor"
"1286",0.941176470588235,0.0147669589293955,0.0544028007626791,"Kidney Chromophobe","Primary Tumor"
"1287",0.941176470588235,0.0147737765466297,0.0544767596910801,"Kidney Chromophobe","Primary Tumor"
"1288",0.941176470588235,0.0147806004618938,0.0544849819384961,"Kidney Chromophobe","Primary Tumor"
"1289",0.941176470588235,0.0147874306839187,0.054524819467408,"Kidney Chromophobe","Primary Tumor"
"1290",0.941176470588235,0.0147942672214517,0.0545670674490866,"Kidney Chromophobe","Primary Tumor"
"1291",0.941176470588235,0.0148011100832562,0.0546170545375736,"Kidney Chromophobe","Primary Tumor"
"1292",0.941176470588235,0.014807959278112,0.0546248859595178,"Kidney Chromophobe","Primary Tumor"
"1293",0.941176470588235,0.0148148148148148,0.0546482384116636,"Kidney Chromophobe","Primary Tumor"
"1294",0.941176470588235,0.0148216767021769,0.0547351269956875,"Kidney Chromophobe","Primary Tumor"
"1295",0.941176470588235,0.0148285449490269,0.0547757183815348,"Kidney Chromophobe","Primary Tumor"
"1296",0.941176470588235,0.0148354195642095,0.054780960555644,"Kidney Chromophobe","Primary Tumor"
"1297",0.941176470588235,0.0148423005565863,0.054822332610657,"Kidney Chromophobe","Primary Tumor"
"1298",0.941176470588235,0.0148491879350348,0.0548364126266555,"Kidney Chromophobe","Primary Tumor"
"1299",0.941176470588235,0.0148560817084494,0.0550179837760151,"Kidney Chromophobe","Primary Tumor"
"1300",0.941176470588235,0.0148629818857408,0.0550869161676955,"Kidney Chromophobe","Primary Tumor"
"1301",0.941176470588235,0.0148698884758364,0.0551738108511615,"Kidney Chromophobe","Primary Tumor"
"1302",0.941176470588235,0.0148768014876801,0.055192014061763,"Kidney Chromophobe","Primary Tumor"
"1303",0.941176470588235,0.0148837209302326,0.0552088106606943,"Kidney Chromophobe","Primary Tumor"
"1304",0.941176470588235,0.0148906468124709,0.0552692743222515,"Kidney Chromophobe","Primary Tumor"
"1305",0.941176470588235,0.0148975791433892,0.0553125854782581,"Kidney Chromophobe","Primary Tumor"
"1306",0.941176470588235,0.0149045179319981,0.0553349675856496,"Kidney Chromophobe","Primary Tumor"
"1307",0.941176470588235,0.0149114631873253,0.0553784590821724,"Kidney Chromophobe","Primary Tumor"
"1308",0.941176470588235,0.0149184149184149,0.0554392611464153,"Kidney Chromophobe","Primary Tumor"
"1309",0.941176470588235,0.0149253731343284,0.055562502656731,"Kidney Chromophobe","Primary Tumor"
"1310",0.941176470588235,0.0149323378441437,0.0556363991134539,"Kidney Chromophobe","Primary Tumor"
"1311",0.941176470588235,0.0149393090569561,0.0556872373421667,"Kidney Chromophobe","Primary Tumor"
"1312",0.941176470588235,0.0149462867818776,0.0557053504027514,"Kidney Chromophobe","Primary Tumor"
"1313",0.941176470588235,0.0149532710280374,0.0557715328673645,"Kidney Chromophobe","Primary Tumor"
"1314",0.941176470588235,0.0149602618045816,0.0558313800989054,"Kidney Chromophobe","Primary Tumor"
"1315",0.941176470588235,0.0149672591206735,0.0559021897540203,"Kidney Chromophobe","Primary Tumor"
"1316",0.941176470588235,0.0149742629854937,0.0559152128334301,"Kidney Chromophobe","Primary Tumor"
"1317",0.941176470588235,0.0149812734082397,0.0559313533034857,"Kidney Chromophobe","Primary Tumor"
"1318",0.941176470588235,0.0149882903981265,0.0559764873835791,"Kidney Chromophobe","Primary Tumor"
"1319",0.941176470588235,0.0149953139643861,0.0561966386082528,"Kidney Chromophobe","Primary Tumor"
"1320",0.941176470588235,0.0150023441162682,0.0562585786299075,"Kidney Chromophobe","Primary Tumor"
"1321",0.941176470588235,0.0150093808630394,0.0564720338535515,"Kidney Chromophobe","Primary Tumor"
"1322",0.941176470588235,0.015016424213984,0.0564798240376008,"Kidney Chromophobe","Primary Tumor"
"1323",0.941176470588235,0.0150234741784038,0.0564870021721066,"Kidney Chromophobe","Primary Tumor"
"1324",0.941176470588235,0.0150305307656177,0.0565342122878533,"Kidney Chromophobe","Primary Tumor"
"1325",0.941176470588235,0.0150375939849624,0.0567448948877901,"Kidney Chromophobe","Primary Tumor"
"1326",0.941176470588235,0.0150446638457922,0.0567503544730488,"Kidney Chromophobe","Primary Tumor"
"1327",0.941176470588235,0.0150517403574788,0.056768660961889,"Kidney Chromophobe","Primary Tumor"
"1328",0.941176470588235,0.0150588235294118,0.0568944860138363,"Kidney Chromophobe","Primary Tumor"
"1329",0.941176470588235,0.0150659133709981,0.057067722997783,"Kidney Chromophobe","Primary Tumor"
"1330",0.941176470588235,0.0150730098916627,0.0570862315950816,"Kidney Chromophobe","Primary Tumor"
"1331",0.941176470588235,0.0150801131008483,0.0571891576075102,"Kidney Chromophobe","Primary Tumor"
"1332",0.941176470588235,0.0150872230080151,0.0572035051984908,"Kidney Chromophobe","Primary Tumor"
"1333",0.941176470588235,0.0150943396226415,0.0572054571332292,"Kidney Chromophobe","Primary Tumor"
"1334",0.941176470588235,0.0151014629542237,0.0572108280718156,"Kidney Chromophobe","Primary Tumor"
"1335",0.941176470588235,0.0151085930122757,0.0573663264842611,"Kidney Chromophobe","Primary Tumor"
"1336",0.941176470588235,0.0151157298063297,0.0575650999386747,"Kidney Chromophobe","Primary Tumor"
"1337",0.941176470588235,0.0151228733459357,0.0578409135716058,"Kidney Chromophobe","Primary Tumor"
"1338",0.941176470588235,0.0151300236406619,0.0579195200849594,"Kidney Chromophobe","Primary Tumor"
"1339",0.941176470588235,0.0151371807000946,0.0579377641611305,"Kidney Chromophobe","Primary Tumor"
"1340",0.941176470588235,0.0151443445338381,0.0579797381066658,"Kidney Chromophobe","Primary Tumor"
"1341",0.941176470588235,0.0151515151515152,0.0582351928278356,"Kidney Chromophobe","Primary Tumor"
"1342",0.941176470588235,0.0151586925627665,0.058316116100582,"Kidney Chromophobe","Primary Tumor"
"1343",0.941176470588235,0.0151658767772512,0.0584112336130883,"Kidney Chromophobe","Primary Tumor"
"1344",0.941176470588235,0.0151730678046468,0.0585763331656725,"Kidney Chromophobe","Primary Tumor"
"1345",0.941176470588235,0.015180265654649,0.0585768819421222,"Kidney Chromophobe","Primary Tumor"
"1346",0.941176470588235,0.015187470336972,0.0585953284062238,"Kidney Chromophobe","Primary Tumor"
"1347",0.941176470588235,0.0151946818613485,0.0586118962988025,"Kidney Chromophobe","Primary Tumor"
"1348",0.941176470588235,0.0152019002375297,0.0587162346268926,"Kidney Chromophobe","Primary Tumor"
"1349",0.941176470588235,0.0152091254752852,0.0589853327909182,"Kidney Chromophobe","Primary Tumor"
"1350",0.941176470588235,0.0152163575844032,0.0590109544513351,"Kidney Chromophobe","Primary Tumor"
"1351",0.941176470588235,0.0152235965746908,0.0590619222402767,"Kidney Chromophobe","Primary Tumor"
"1352",0.941176470588235,0.0152308424559733,0.0590771831447059,"Kidney Chromophobe","Primary Tumor"
"1353",0.941176470588235,0.0152380952380952,0.0591691046432163,"Kidney Chromophobe","Primary Tumor"
"1354",0.941176470588235,0.0152453549309195,0.0592149475222721,"Kidney Chromophobe","Primary Tumor"
"1355",0.941176470588235,0.0152526215443279,0.0592680554563841,"Kidney Chromophobe","Primary Tumor"
"1356",0.941176470588235,0.0152598950882213,0.0592817771570802,"Kidney Chromophobe","Primary Tumor"
"1357",0.941176470588235,0.0152671755725191,0.0593201892068037,"Kidney Chromophobe","Primary Tumor"
"1358",0.941176470588235,0.0152744630071599,0.0593771313906375,"Kidney Chromophobe","Primary Tumor"
"1359",0.941176470588235,0.0152817574021012,0.0594254277390196,"Kidney Chromophobe","Primary Tumor"
"1360",0.941176470588235,0.0152890587673196,0.0595217096865407,"Kidney Chromophobe","Primary Tumor"
"1361",0.941176470588235,0.0152963671128107,0.0595948928698859,"Kidney Chromophobe","Primary Tumor"
"1362",0.941176470588235,0.0153036824485892,0.059656109857314,"Kidney Chromophobe","Primary Tumor"
"1363",0.941176470588235,0.015311004784689,0.0597215965999251,"Kidney Chromophobe","Primary Tumor"
"1364",0.941176470588235,0.0153183341311632,0.0597793221139636,"Kidney Chromophobe","Primary Tumor"
"1365",0.941176470588235,0.0153256704980843,0.0597994397833555,"Kidney Chromophobe","Primary Tumor"
"1366",0.941176470588235,0.0153330138955438,0.0598713166761615,"Kidney Chromophobe","Primary Tumor"
"1367",0.941176470588235,0.0153403643336529,0.0598896961459675,"Kidney Chromophobe","Primary Tumor"
"1368",0.941176470588235,0.015347721822542,0.0599360690875236,"Kidney Chromophobe","Primary Tumor"
"1369",0.941176470588235,0.0153550863723608,0.0600488198572376,"Kidney Chromophobe","Primary Tumor"
"1370",0.941176470588235,0.0153624579932789,0.060065094855166,"Kidney Chromophobe","Primary Tumor"
"1371",0.941176470588235,0.0153698366954851,0.0602111324186945,"Kidney Chromophobe","Primary Tumor"
"1372",0.941176470588235,0.0153772224891879,0.0602454549910702,"Kidney Chromophobe","Primary Tumor"
"1373",0.941176470588235,0.0153846153846154,0.0602477441531936,"Kidney Chromophobe","Primary Tumor"
"1374",0.941176470588235,0.0153920153920154,0.0603064376333575,"Kidney Chromophobe","Primary Tumor"
"1375",0.941176470588235,0.0153994225216554,0.060549841452562,"Kidney Chromophobe","Primary Tumor"
"1376",0.941176470588235,0.0154068367838228,0.0605760399357771,"Kidney Chromophobe","Primary Tumor"
"1377",0.941176470588235,0.0154142581888247,0.0605937144309472,"Kidney Chromophobe","Primary Tumor"
"1378",0.941176470588235,0.015421686746988,0.0606204576383821,"Kidney Chromophobe","Primary Tumor"
"1379",0.941176470588235,0.0154365653642065,0.0606637524198147,"Kidney Chromophobe","Primary Tumor"
"1380",0.941176470588235,0.0154440154440154,0.0606961799527765,"Kidney Chromophobe","Primary Tumor"
"1381",0.941176470588235,0.0154514727184935,0.0607868173275566,"Kidney Chromophobe","Primary Tumor"
"1382",0.941176470588235,0.0154589371980676,0.0608203732431597,"Kidney Chromophobe","Primary Tumor"
"1383",0.941176470588235,0.0154664088931851,0.0608281589179856,"Kidney Chromophobe","Primary Tumor"
"1384",0.941176470588235,0.0154738878143133,0.0608648140189975,"Kidney Chromophobe","Primary Tumor"
"1385",0.941176470588235,0.01548137397194,0.0608872387540221,"Kidney Chromophobe","Primary Tumor"
"1386",0.941176470588235,0.0154888673765731,0.0609146132317694,"Kidney Chromophobe","Primary Tumor"
"1387",0.941176470588235,0.0154963680387409,0.0609888912531881,"Kidney Chromophobe","Primary Tumor"
"1388",0.941176470588235,0.0155038759689922,0.0609987154508722,"Kidney Chromophobe","Primary Tumor"
"1389",0.941176470588235,0.0155113911778963,0.0610220639004215,"Kidney Chromophobe","Primary Tumor"
"1390",0.941176470588235,0.0155189136760427,0.0610584438808716,"Kidney Chromophobe","Primary Tumor"
"1391",0.941176470588235,0.0155264434740417,0.0614495782593239,"Kidney Chromophobe","Primary Tumor"
"1392",0.941176470588235,0.0155339805825243,0.061680014970496,"Kidney Chromophobe","Primary Tumor"
"1393",0.941176470588235,0.0155415250121418,0.0616997036420236,"Kidney Chromophobe","Primary Tumor"
"1394",0.941176470588235,0.0155490767735666,0.0617591033133252,"Kidney Chromophobe","Primary Tumor"
"1395",0.941176470588235,0.0155566358774915,0.0621092163959629,"Kidney Chromophobe","Primary Tumor"
"1396",0.941176470588235,0.0155642023346304,0.0621525379348132,"Kidney Chromophobe","Primary Tumor"
"1397",0.941176470588235,0.0155717761557178,0.0621762597792959,"Kidney Chromophobe","Primary Tumor"
"1398",0.941176470588235,0.0155793573515093,0.0622317480892594,"Kidney Chromophobe","Primary Tumor"
"1399",0.941176470588235,0.0155869459327813,0.0622887113134669,"Kidney Chromophobe","Primary Tumor"
"1400",0.941176470588235,0.0155945419103314,0.062592591923229,"Kidney Chromophobe","Primary Tumor"
"1401",0.941176470588235,0.0156021452949781,0.0627016166694801,"Kidney Chromophobe","Primary Tumor"
"1402",0.941176470588235,0.015609756097561,0.0628756326293964,"Kidney Chromophobe","Primary Tumor"
"1403",0.941176470588235,0.0156173743289409,0.0629073668270166,"Kidney Chromophobe","Primary Tumor"
"1404",0.941176470588235,0.015625,0.0629676304835122,"Kidney Chromophobe","Primary Tumor"
"1405",0.941176470588235,0.0156326331216414,0.0630340652682861,"Kidney Chromophobe","Primary Tumor"
"1406",0.941176470588235,0.0156402737047898,0.0630656735771188,"Kidney Chromophobe","Primary Tumor"
"1407",0.941176470588235,0.0156479217603912,0.063195588022178,"Kidney Chromophobe","Primary Tumor"
"1408",0.941176470588235,0.0156555772994129,0.0632445191008689,"Kidney Chromophobe","Primary Tumor"
"1409",0.941176470588235,0.0156632403328439,0.0632752458231124,"Kidney Chromophobe","Primary Tumor"
"1410",0.941176470588235,0.0156709108716944,0.0633073966232175,"Kidney Chromophobe","Primary Tumor"
"1411",0.941176470588235,0.0156785889269966,0.0633115920961069,"Kidney Chromophobe","Primary Tumor"
"1412",0.941176470588235,0.0156862745098039,0.0634568737312563,"Kidney Chromophobe","Primary Tumor"
"1413",0.941176470588235,0.0156939676311918,0.0634838411181996,"Kidney Chromophobe","Primary Tumor"
"1414",0.941176470588235,0.0157016683022571,0.0635680799891617,"Kidney Chromophobe","Primary Tumor"
"1415",0.941176470588235,0.0157093765341188,0.0635828416541639,"Kidney Chromophobe","Primary Tumor"
"1416",0.941176470588235,0.0157170923379175,0.0636913573703207,"Kidney Chromophobe","Primary Tumor"
"1417",0.941176470588235,0.0157248157248157,0.0637064222449015,"Kidney Chromophobe","Primary Tumor"
"1418",0.941176470588235,0.015732546705998,0.0637989076810545,"Kidney Chromophobe","Primary Tumor"
"1419",0.941176470588235,0.0157402852926709,0.0638561260052759,"Kidney Chromophobe","Primary Tumor"
"1420",0.941176470588235,0.015748031496063,0.0638574468919521,"Kidney Chromophobe","Primary Tumor"
"1421",0.941176470588235,0.0157557853274249,0.0638720298882427,"Kidney Chromophobe","Primary Tumor"
"1422",0.941176470588235,0.0157635467980296,0.0640098202451248,"Kidney Chromophobe","Primary Tumor"
"1423",0.911764705882353,0.0152784622966979,0.0640818950525979,"Kidney Chromophobe","Primary Tumor"
"1424",0.911764705882353,0.0152859960552268,0.0641290677843183,"Kidney Chromophobe","Primary Tumor"
"1425",0.911764705882353,0.0152935372471633,0.0641802150557975,"Kidney Chromophobe","Primary Tumor"
"1426",0.911764705882353,0.0153010858835143,0.0642883311164806,"Kidney Chromophobe","Primary Tumor"
"1427",0.911764705882353,0.0153086419753086,0.0643179585596354,"Kidney Chromophobe","Primary Tumor"
"1428",0.911764705882353,0.0153162055335968,0.0643975969942862,"Kidney Chromophobe","Primary Tumor"
"1429",0.911764705882353,0.0153237765694513,0.0644751920220948,"Kidney Chromophobe","Primary Tumor"
"1430",0.911764705882353,0.0153313550939664,0.064801487340885,"Kidney Chromophobe","Primary Tumor"
"1431",0.911764705882353,0.0153389411182583,0.0648173312196003,"Kidney Chromophobe","Primary Tumor"
"1432",0.911764705882353,0.0153465346534653,0.0648288461984338,"Kidney Chromophobe","Primary Tumor"
"1433",0.911764705882353,0.0153541357107479,0.0649672469048435,"Kidney Chromophobe","Primary Tumor"
"1434",0.911764705882353,0.0153617443012884,0.0649940238980221,"Kidney Chromophobe","Primary Tumor"
"1435",0.911764705882353,0.0153693604362915,0.0650419260084077,"Kidney Chromophobe","Primary Tumor"
"1436",0.911764705882353,0.0153769841269841,0.0652056940504145,"Kidney Chromophobe","Primary Tumor"
"1437",0.911764705882353,0.0153846153846154,0.0652570410237728,"Kidney Chromophobe","Primary Tumor"
"1438",0.911764705882353,0.0153922542204568,0.0653062101851662,"Kidney Chromophobe","Primary Tumor"
"1439",0.911764705882353,0.0153999006458023,0.0653111242244491,"Kidney Chromophobe","Primary Tumor"
"1440",0.911764705882353,0.0154075546719682,0.0653222394672366,"Kidney Chromophobe","Primary Tumor"
"1441",0.911764705882353,0.0154152163102934,0.0653811548902817,"Kidney Chromophobe","Primary Tumor"
"1442",0.911764705882353,0.0154228855721393,0.0654015436177046,"Kidney Chromophobe","Primary Tumor"
"1443",0.911764705882353,0.01543056246889,0.0654741956848493,"Kidney Chromophobe","Primary Tumor"
"1444",0.911764705882353,0.0154382470119522,0.0654752700100819,"Kidney Chromophobe","Primary Tumor"
"1445",0.911764705882353,0.0154459392127554,0.0655393074792785,"Kidney Chromophobe","Primary Tumor"
"1446",0.911764705882353,0.0154536390827517,0.0656873945783019,"Kidney Chromophobe","Primary Tumor"
"1447",0.911764705882353,0.0154613466334165,0.0657347752877091,"Kidney Chromophobe","Primary Tumor"
"1448",0.911764705882353,0.0154690618762475,0.0658248061579205,"Kidney Chromophobe","Primary Tumor"
"1449",0.911764705882353,0.0154767848227659,0.0659345224454417,"Kidney Chromophobe","Primary Tumor"
"1450",0.911764705882353,0.0154845154845155,0.0659494514974216,"Kidney Chromophobe","Primary Tumor"
"1451",0.911764705882353,0.0154922538730635,0.0660017703189104,"Kidney Chromophobe","Primary Tumor"
"1452",0.911764705882353,0.0155,0.0660166650285897,"Kidney Chromophobe","Primary Tumor"
"1453",0.911764705882353,0.0155077538769385,0.066027829693047,"Kidney Chromophobe","Primary Tumor"
"1454",0.911764705882353,0.0155155155155155,0.0661328096522092,"Kidney Chromophobe","Primary Tumor"
"1455",0.911764705882353,0.0155232849273911,0.0661556826453527,"Kidney Chromophobe","Primary Tumor"
"1456",0.911764705882353,0.0155310621242485,0.0662279403482151,"Kidney Chromophobe","Primary Tumor"
"1457",0.911764705882353,0.0155388471177945,0.0662918949262616,"Kidney Chromophobe","Primary Tumor"
"1458",0.911764705882353,0.0155466399197593,0.0663860689926287,"Kidney Chromophobe","Primary Tumor"
"1459",0.911764705882353,0.0155544405418966,0.0664135140672418,"Kidney Chromophobe","Primary Tumor"
"1460",0.911764705882353,0.0155622489959839,0.0664736135890826,"Kidney Chromophobe","Primary Tumor"
"1461",0.911764705882353,0.0155700652938222,0.066488438669691,"Kidney Chromophobe","Primary Tumor"
"1462",0.911764705882353,0.0155778894472362,0.0665549383332082,"Kidney Chromophobe","Primary Tumor"
"1463",0.911764705882353,0.0155857214680744,0.0665659900183991,"Kidney Chromophobe","Primary Tumor"
"1464",0.911764705882353,0.0155935613682093,0.066654761690693,"Kidney Chromophobe","Primary Tumor"
"1465",0.911764705882353,0.015601409159537,0.0666557528822325,"Kidney Chromophobe","Primary Tumor"
"1466",0.911764705882353,0.0156092648539778,0.066912232127871,"Kidney Chromophobe","Primary Tumor"
"1467",0.911764705882353,0.0156171284634761,0.0669170978003716,"Kidney Chromophobe","Primary Tumor"
"1468",0.911764705882353,0.015625,0.0670387557943554,"Kidney Chromophobe","Primary Tumor"
"1469",0.911764705882353,0.0156328794755421,0.0671192110448424,"Kidney Chromophobe","Primary Tumor"
"1470",0.911764705882353,0.0156407669021191,0.0672637287584391,"Kidney Chromophobe","Primary Tumor"
"1471",0.911764705882353,0.0156486622917718,0.0673367462898049,"Kidney Chromophobe","Primary Tumor"
"1472",0.911764705882353,0.0156565656565657,0.0673507438805062,"Kidney Chromophobe","Primary Tumor"
"1473",0.911764705882353,0.0156644770085902,0.0674084931049858,"Kidney Chromophobe","Primary Tumor"
"1474",0.911764705882353,0.0156723963599596,0.0676039773681439,"Kidney Chromophobe","Primary Tumor"
"1475",0.911764705882353,0.0156803237228123,0.0676784703422617,"Kidney Chromophobe","Primary Tumor"
"1476",0.911764705882353,0.0156882591093117,0.0678132572261654,"Kidney Chromophobe","Primary Tumor"
"1477",0.911764705882353,0.0156962025316456,0.0680103401879466,"Kidney Chromophobe","Primary Tumor"
"1478",0.911764705882353,0.0157041540020263,0.0681362562528603,"Kidney Chromophobe","Primary Tumor"
"1479",0.911764705882353,0.0157121135326913,0.0681749996998559,"Kidney Chromophobe","Primary Tumor"
"1480",0.911764705882353,0.0157200811359026,0.0685148130580951,"Kidney Chromophobe","Primary Tumor"
"1481",0.911764705882353,0.0157280568239472,0.0686517085796914,"Kidney Chromophobe","Primary Tumor"
"1482",0.911764705882353,0.0157360406091371,0.0686599561819634,"Kidney Chromophobe","Primary Tumor"
"1483",0.911764705882353,0.015744032503809,0.0686606613754806,"Kidney Chromophobe","Primary Tumor"
"1484",0.911764705882353,0.0157520325203252,0.0687734465167534,"Kidney Chromophobe","Primary Tumor"
"1485",0.911764705882353,0.0157600406710727,0.068860076060684,"Kidney Chromophobe","Primary Tumor"
"1486",0.911764705882353,0.0157680569684639,0.0688694230656178,"Kidney Chromophobe","Primary Tumor"
"1487",0.911764705882353,0.0157760814249364,0.0689538918468874,"Kidney Chromophobe","Primary Tumor"
"1488",0.911764705882353,0.0157841140529532,0.0690774760652512,"Kidney Chromophobe","Primary Tumor"
"1489",0.911764705882353,0.0157921548650025,0.0691446879897991,"Kidney Chromophobe","Primary Tumor"
"1490",0.911764705882353,0.0158002038735984,0.069403320886426,"Kidney Chromophobe","Primary Tumor"
"1491",0.911764705882353,0.01580826109128,0.0695170468665165,"Kidney Chromophobe","Primary Tumor"
"1492",0.911764705882353,0.0158163265306122,0.0700153137125344,"Kidney Chromophobe","Primary Tumor"
"1493",0.911764705882353,0.0158244002041858,0.0701114480427408,"Kidney Chromophobe","Primary Tumor"
"1494",0.911764705882353,0.015832482124617,0.0701582937414917,"Kidney Chromophobe","Primary Tumor"
"1495",0.911764705882353,0.0158405723045478,0.0702879833990287,"Kidney Chromophobe","Primary Tumor"
"1496",0.911764705882353,0.0158486707566462,0.0705131089850747,"Kidney Chromophobe","Primary Tumor"
"1497",0.911764705882353,0.0158567774936061,0.0706622431509912,"Kidney Chromophobe","Primary Tumor"
"1498",0.911764705882353,0.0158648925281474,0.0706987600596961,"Kidney Chromophobe","Primary Tumor"
"1499",0.911764705882353,0.0158730158730159,0.0707352150665393,"Kidney Chromophobe","Primary Tumor"
"1500",0.911764705882353,0.0158811475409836,0.0707865169809565,"Kidney Chromophobe","Primary Tumor"
"1501",0.911764705882353,0.0158892875448488,0.0708129081478229,"Kidney Chromophobe","Primary Tumor"
"1502",0.911764705882353,0.0158974358974359,0.0709324045642671,"Kidney Chromophobe","Primary Tumor"
"1503",0.911764705882353,0.0159055926115957,0.0709737049731581,"Kidney Chromophobe","Primary Tumor"
"1504",0.911764705882353,0.0159137577002053,0.0709892263271532,"Kidney Chromophobe","Primary Tumor"
"1505",0.911764705882353,0.0159219311761685,0.0710740135057049,"Kidney Chromophobe","Primary Tumor"
"1506",0.911764705882353,0.0159301130524152,0.0711871629532009,"Kidney Chromophobe","Primary Tumor"
"1507",0.911764705882353,0.0159383033419023,0.0712144655427831,"Kidney Chromophobe","Primary Tumor"
"1508",0.911764705882353,0.0159465020576132,0.0712737257522684,"Kidney Chromophobe","Primary Tumor"
"1509",0.911764705882353,0.0159547092125579,0.071341167888981,"Kidney Chromophobe","Primary Tumor"
"1510",0.911764705882353,0.0159629248197734,0.0713505352676374,"Kidney Chromophobe","Primary Tumor"
"1511",0.911764705882353,0.0159711488923235,0.0713567325576305,"Kidney Chromophobe","Primary Tumor"
"1512",0.911764705882353,0.015979381443299,0.0714605799425023,"Kidney Chromophobe","Primary Tumor"
"1513",0.911764705882353,0.0159876224858174,0.0714675719070233,"Kidney Chromophobe","Primary Tumor"
"1514",0.911764705882353,0.0159958720330237,0.0715225438551964,"Kidney Chromophobe","Primary Tumor"
"1515",0.911764705882353,0.0160041300980898,0.071605221718154,"Kidney Chromophobe","Primary Tumor"
"1516",0.911764705882353,0.0160123966942149,0.0716855498213124,"Kidney Chromophobe","Primary Tumor"
"1517",0.911764705882353,0.0160206718346253,0.0716904535434021,"Kidney Chromophobe","Primary Tumor"
"1518",0.911764705882353,0.016028955532575,0.0716969885300045,"Kidney Chromophobe","Primary Tumor"
"1519",0.911764705882353,0.0160372478013451,0.0717764958257199,"Kidney Chromophobe","Primary Tumor"
"1520",0.911764705882353,0.0160455486542443,0.0718543636100641,"Kidney Chromophobe","Primary Tumor"
"1521",0.911764705882353,0.016053858104609,0.0720198545379711,"Kidney Chromophobe","Primary Tumor"
"1522",0.911764705882353,0.0160621761658031,0.0723242364312997,"Kidney Chromophobe","Primary Tumor"
"1523",0.911764705882353,0.0160705028512182,0.072410449010497,"Kidney Chromophobe","Primary Tumor"
"1524",0.911764705882353,0.0160788381742739,0.072420614400681,"Kidney Chromophobe","Primary Tumor"
"1525",0.911764705882353,0.0160871821484172,0.0725417211687346,"Kidney Chromophobe","Primary Tumor"
"1526",0.911764705882353,0.0160955347871236,0.0726427289720125,"Kidney Chromophobe","Primary Tumor"
"1527",0.911764705882353,0.0161038961038961,0.0727681056814865,"Kidney Chromophobe","Primary Tumor"
"1528",0.911764705882353,0.0161122661122661,0.0728059371516864,"Kidney Chromophobe","Primary Tumor"
"1529",0.911764705882353,0.016120644825793,0.0728348385745527,"Kidney Chromophobe","Primary Tumor"
"1530",0.911764705882353,0.0161290322580645,0.0728598661269316,"Kidney Chromophobe","Primary Tumor"
"1531",0.911764705882353,0.0161374284226965,0.0729316520528053,"Kidney Chromophobe","Primary Tumor"
"1532",0.911764705882353,0.0161458333333333,0.0733454853753838,"Kidney Chromophobe","Primary Tumor"
"1533",0.911764705882353,0.0161542470036477,0.0733523783151843,"Kidney Chromophobe","Primary Tumor"
"1534",0.911764705882353,0.016162669447341,0.0734778206305499,"Kidney Chromophobe","Primary Tumor"
"1535",0.911764705882353,0.0161711006781429,0.0735252107685595,"Kidney Chromophobe","Primary Tumor"
"1536",0.911764705882353,0.0161795407098121,0.0735764541242111,"Kidney Chromophobe","Primary Tumor"
"1537",0.911764705882353,0.0161879895561358,0.0736281750375255,"Kidney Chromophobe","Primary Tumor"
"1538",0.911764705882353,0.01619644723093,0.0736555967887577,"Kidney Chromophobe","Primary Tumor"
"1539",0.911764705882353,0.0162049137480397,0.0738197639399042,"Kidney Chromophobe","Primary Tumor"
"1540",0.911764705882353,0.0162133891213389,0.0740148954393511,"Kidney Chromophobe","Primary Tumor"
"1541",0.911764705882353,0.0162218733647305,0.0740660952113587,"Kidney Chromophobe","Primary Tumor"
"1542",0.911764705882353,0.0162303664921466,0.0740887486237553,"Kidney Chromophobe","Primary Tumor"
"1543",0.911764705882353,0.0162388685175485,0.0742460206139332,"Kidney Chromophobe","Primary Tumor"
"1544",0.911764705882353,0.016255899318301,0.0742574639787088,"Kidney Chromophobe","Primary Tumor"
"1545",0.911764705882353,0.0162644281217209,0.0744483700154933,"Kidney Chromophobe","Primary Tumor"
"1546",0.911764705882353,0.0162729658792651,0.074509122328583,"Kidney Chromophobe","Primary Tumor"
"1547",0.911764705882353,0.016281512605042,0.074747370973459,"Kidney Chromophobe","Primary Tumor"
"1548",0.911764705882353,0.0162900683131897,0.0748704762814674,"Kidney Chromophobe","Primary Tumor"
"1549",0.911764705882353,0.0162986330178759,0.0749563462836755,"Kidney Chromophobe","Primary Tumor"
"1550",0.911764705882353,0.0163072067332983,0.0750572675370384,"Kidney Chromophobe","Primary Tumor"
"1551",0.911764705882353,0.0163157894736842,0.0750990090037306,"Kidney Chromophobe","Primary Tumor"
"1552",0.911764705882353,0.0163243812532912,0.075460787503734,"Kidney Chromophobe","Primary Tumor"
"1553",0.911764705882353,0.0163329820864067,0.0755203107010613,"Kidney Chromophobe","Primary Tumor"
"1554",0.911764705882353,0.0163415919873484,0.0755791543982421,"Kidney Chromophobe","Primary Tumor"
"1555",0.911764705882353,0.0163502109704641,0.0757014054296634,"Kidney Chromophobe","Primary Tumor"
"1556",0.911764705882353,0.0163588390501319,0.0758193866621601,"Kidney Chromophobe","Primary Tumor"
"1557",0.911764705882353,0.0163674762407603,0.0758510334573576,"Kidney Chromophobe","Primary Tumor"
"1558",0.911764705882353,0.0163761225567882,0.0759194585253771,"Kidney Chromophobe","Primary Tumor"
"1559",0.911764705882353,0.016384778012685,0.0759322759276075,"Kidney Chromophobe","Primary Tumor"
"1560",0.911764705882353,0.0163934426229508,0.0760333391907457,"Kidney Chromophobe","Primary Tumor"
"1561",0.911764705882353,0.0164021164021164,0.0761365201550902,"Kidney Chromophobe","Primary Tumor"
"1562",0.911764705882353,0.0164107993647432,0.0765314438947045,"Kidney Chromophobe","Primary Tumor"
"1563",0.911764705882353,0.0164194915254237,0.0765509466546302,"Kidney Chromophobe","Primary Tumor"
"1564",0.911764705882353,0.0164281928987811,0.0766267365085991,"Kidney Chromophobe","Primary Tumor"
"1565",0.911764705882353,0.0164369034994698,0.0766659581525078,"Kidney Chromophobe","Primary Tumor"
"1566",0.911764705882353,0.0164456233421751,0.0766916845303821,"Kidney Chromophobe","Primary Tumor"
"1567",0.911764705882353,0.0164543524416136,0.076708084425165,"Kidney Chromophobe","Primary Tumor"
"1568",0.911764705882353,0.0164630908125332,0.076749043256674,"Kidney Chromophobe","Primary Tumor"
"1569",0.911764705882353,0.0164718384697131,0.0768974889230397,"Kidney Chromophobe","Primary Tumor"
"1570",0.911764705882353,0.0164805954279638,0.0772502761619413,"Kidney Chromophobe","Primary Tumor"
"1571",0.911764705882353,0.0164893617021277,0.0772549899728587,"Kidney Chromophobe","Primary Tumor"
"1572",0.911764705882353,0.0164981373070782,0.0772987659268673,"Kidney Chromophobe","Primary Tumor"
"1573",0.911764705882353,0.016506922257721,0.0773348516246663,"Kidney Chromophobe","Primary Tumor"
"1574",0.911764705882353,0.0165157165689931,0.0773576336409818,"Kidney Chromophobe","Primary Tumor"
"1575",0.911764705882353,0.0165245202558635,0.0774282814485877,"Kidney Chromophobe","Primary Tumor"
"1576",0.911764705882353,0.0165333333333333,0.0774404775846557,"Kidney Chromophobe","Primary Tumor"
"1577",0.911764705882353,0.0165421558164354,0.0774665038457873,"Kidney Chromophobe","Primary Tumor"
"1578",0.911764705882353,0.0165509877202349,0.0775126834222642,"Kidney Chromophobe","Primary Tumor"
"1579",0.911764705882353,0.0165598290598291,0.0775870651746627,"Kidney Chromophobe","Primary Tumor"
"1580",0.911764705882353,0.0165686798503474,0.0776830830561194,"Kidney Chromophobe","Primary Tumor"
"1581",0.911764705882353,0.0165775401069519,0.0776958833947258,"Kidney Chromophobe","Primary Tumor"
"1582",0.911764705882353,0.0165864098448368,0.0777458489606893,"Kidney Chromophobe","Primary Tumor"
"1583",0.911764705882353,0.0165952890792291,0.0777537055415403,"Kidney Chromophobe","Primary Tumor"
"1584",0.911764705882353,0.0166041778253883,0.078020659217475,"Kidney Chromophobe","Primary Tumor"
"1585",0.911764705882353,0.0166130760986066,0.0780768085949159,"Kidney Chromophobe","Primary Tumor"
"1586",0.911764705882353,0.0166219839142091,0.0783034216607157,"Kidney Chromophobe","Primary Tumor"
"1587",0.911764705882353,0.0166309012875536,0.0783905854354647,"Kidney Chromophobe","Primary Tumor"
"1588",0.911764705882353,0.0166398282340311,0.0783906542613081,"Kidney Chromophobe","Primary Tumor"
"1589",0.911764705882353,0.0166487647690655,0.0784494991671736,"Kidney Chromophobe","Primary Tumor"
"1590",0.911764705882353,0.0166577109081139,0.078499821304399,"Kidney Chromophobe","Primary Tumor"
"1591",0.911764705882353,0.0166666666666667,0.0785714372652956,"Kidney Chromophobe","Primary Tumor"
"1592",0.911764705882353,0.0166756320602474,0.078601376351278,"Kidney Chromophobe","Primary Tumor"
"1593",0.911764705882353,0.0166846071044133,0.0786130896656871,"Kidney Chromophobe","Primary Tumor"
"1594",0.911764705882353,0.016693591814755,0.0786335124980024,"Kidney Chromophobe","Primary Tumor"
"1595",0.911764705882353,0.0167025862068966,0.0786644086373101,"Kidney Chromophobe","Primary Tumor"
"1596",0.911764705882353,0.016711590296496,0.0787785072636776,"Kidney Chromophobe","Primary Tumor"
"1597",0.911764705882353,0.0167206040992449,0.0788714155190732,"Kidney Chromophobe","Primary Tumor"
"1598",0.911764705882353,0.0167296276308689,0.0789122167929957,"Kidney Chromophobe","Primary Tumor"
"1599",0.911764705882353,0.0167386609071274,0.078993341166194,"Kidney Chromophobe","Primary Tumor"
"1600",0.911764705882353,0.0167477039438142,0.0790378049642746,"Kidney Chromophobe","Primary Tumor"
"1601",0.911764705882353,0.0167567567567568,0.0792494393979396,"Kidney Chromophobe","Primary Tumor"
"1602",0.911764705882353,0.0167658193618172,0.0792497336586272,"Kidney Chromophobe","Primary Tumor"
"1603",0.911764705882353,0.0167748917748918,0.0798049739344032,"Kidney Chromophobe","Primary Tumor"
"1604",0.911764705882353,0.0167839740119112,0.0800298132414149,"Kidney Chromophobe","Primary Tumor"
"1605",0.911764705882353,0.0167930660888407,0.0800545813884024,"Kidney Chromophobe","Primary Tumor"
"1606",0.911764705882353,0.0168021680216802,0.0800955495250084,"Kidney Chromophobe","Primary Tumor"
"1607",0.911764705882353,0.0168112798264642,0.0803379459049216,"Kidney Chromophobe","Primary Tumor"
"1608",0.911764705882353,0.0168204015192621,0.08037210055087,"Kidney Chromophobe","Primary Tumor"
"1609",0.911764705882353,0.0168295331161781,0.0804088197825718,"Kidney Chromophobe","Primary Tumor"
"1610",0.911764705882353,0.0168386746333514,0.0804195618515142,"Kidney Chromophobe","Primary Tumor"
"1611",0.911764705882353,0.0168478260869565,0.0805980899770053,"Kidney Chromophobe","Primary Tumor"
"1612",0.911764705882353,0.0168569874932028,0.0808828731131749,"Kidney Chromophobe","Primary Tumor"
"1613",0.911764705882353,0.0168661588683351,0.0809166406692368,"Kidney Chromophobe","Primary Tumor"
"1614",0.911764705882353,0.0168753402286336,0.0809324829046764,"Kidney Chromophobe","Primary Tumor"
"1615",0.911764705882353,0.0168845315904139,0.0809463788425699,"Kidney Chromophobe","Primary Tumor"
"1616",0.911764705882353,0.0168937329700272,0.081037339609628,"Kidney Chromophobe","Primary Tumor"
"1617",0.911764705882353,0.0169029443838604,0.0812358495113568,"Kidney Chromophobe","Primary Tumor"
"1618",0.911764705882353,0.0169121658483361,0.0815541747902516,"Kidney Chromophobe","Primary Tumor"
"1619",0.911764705882353,0.0169213973799127,0.0816170744785941,"Kidney Chromophobe","Primary Tumor"
"1620",0.911764705882353,0.0169306389950847,0.0816205836994525,"Kidney Chromophobe","Primary Tumor"
"1621",0.911764705882353,0.0169398907103825,0.0816664970409385,"Kidney Chromophobe","Primary Tumor"
"1622",0.911764705882353,0.0169491525423729,0.0817312261987698,"Kidney Chromophobe","Primary Tumor"
"1623",0.911764705882353,0.0169584245076586,0.0817815899980698,"Kidney Chromophobe","Primary Tumor"
"1624",0.911764705882353,0.016967706622879,0.0819318782854669,"Kidney Chromophobe","Primary Tumor"
"1625",0.911764705882353,0.0169769989047097,0.0819574855219375,"Kidney Chromophobe","Primary Tumor"
"1626",0.911764705882353,0.016986301369863,0.0820347703113891,"Kidney Chromophobe","Primary Tumor"
"1627",0.911764705882353,0.0169956140350877,0.0821565674211511,"Kidney Chromophobe","Primary Tumor"
"1628",0.911764705882353,0.0170049369171695,0.0821583005946027,"Kidney Chromophobe","Primary Tumor"
"1629",0.911764705882353,0.0170142700329308,0.0822618648322613,"Kidney Chromophobe","Primary Tumor"
"1630",0.911764705882353,0.0170236133992312,0.0822897932408904,"Kidney Chromophobe","Primary Tumor"
"1631",0.911764705882353,0.017032967032967,0.0824667329429008,"Kidney Chromophobe","Primary Tumor"
"1632",0.911764705882353,0.017042330951072,0.0825308608069093,"Kidney Chromophobe","Primary Tumor"
"1633",0.911764705882353,0.0170517051705171,0.0825727366581838,"Kidney Chromophobe","Primary Tumor"
"1634",0.911764705882353,0.0170610897083104,0.0826150078931647,"Kidney Chromophobe","Primary Tumor"
"1635",0.911764705882353,0.0170704845814978,0.0827913351626045,"Kidney Chromophobe","Primary Tumor"
"1636",0.911764705882353,0.0170798898071625,0.0828186239131023,"Kidney Chromophobe","Primary Tumor"
"1637",0.911764705882353,0.0170893054024256,0.0828200715969461,"Kidney Chromophobe","Primary Tumor"
"1638",0.911764705882353,0.0170987313844457,0.0829417513480256,"Kidney Chromophobe","Primary Tumor"
"1639",0.911764705882353,0.0171081677704194,0.0829544400902347,"Kidney Chromophobe","Primary Tumor"
"1640",0.911764705882353,0.0171176145775814,0.0830085325628027,"Kidney Chromophobe","Primary Tumor"
"1641",0.911764705882353,0.0171270718232044,0.0831591731088098,"Kidney Chromophobe","Primary Tumor"
"1642",0.911764705882353,0.0171365395245992,0.083308943955302,"Kidney Chromophobe","Primary Tumor"
"1643",0.911764705882353,0.017146017699115,0.083315583494367,"Kidney Chromophobe","Primary Tumor"
"1644",0.911764705882353,0.0171555063641395,0.0833389518511233,"Kidney Chromophobe","Primary Tumor"
"1645",0.911764705882353,0.0171650055370986,0.0839453398657735,"Kidney Chromophobe","Primary Tumor"
"1646",0.911764705882353,0.0171745152354571,0.083951436769542,"Kidney Chromophobe","Primary Tumor"
"1647",0.911764705882353,0.0171840354767184,0.0840554368201258,"Kidney Chromophobe","Primary Tumor"
"1648",0.911764705882353,0.0171935662784248,0.0841101250473826,"Kidney Chromophobe","Primary Tumor"
"1649",0.911764705882353,0.0172031076581576,0.0841306826448873,"Kidney Chromophobe","Primary Tumor"
"1650",0.911764705882353,0.0172126596335369,0.0841587015270415,"Kidney Chromophobe","Primary Tumor"
"1651",0.911764705882353,0.0172222222222222,0.0844157769697362,"Kidney Chromophobe","Primary Tumor"
"1652",0.911764705882353,0.0172317954419122,0.0844811014085193,"Kidney Chromophobe","Primary Tumor"
"1653",0.911764705882353,0.0172413793103448,0.0846532999020072,"Kidney Chromophobe","Primary Tumor"
"1654",0.911764705882353,0.0172509738452977,0.0846855321865288,"Kidney Chromophobe","Primary Tumor"
"1655",0.911764705882353,0.017260579064588,0.0848009625347097,"Kidney Chromophobe","Primary Tumor"
"1656",0.911764705882353,0.0172701949860724,0.0851433883756628,"Kidney Chromophobe","Primary Tumor"
"1657",0.911764705882353,0.0172798216276477,0.0851447215762609,"Kidney Chromophobe","Primary Tumor"
"1658",0.911764705882353,0.0172894590072504,0.0852235949694199,"Kidney Chromophobe","Primary Tumor"
"1659",0.911764705882353,0.0172991071428571,0.0852281536117403,"Kidney Chromophobe","Primary Tumor"
"1660",0.911764705882353,0.0173087660524846,0.0854425224260766,"Kidney Chromophobe","Primary Tumor"
"1661",0.911764705882353,0.0173184357541899,0.0857823467428646,"Kidney Chromophobe","Primary Tumor"
"1662",0.911764705882353,0.0173281162660704,0.0859202624459869,"Kidney Chromophobe","Primary Tumor"
"1663",0.911764705882353,0.017337807606264,0.0860495984388844,"Kidney Chromophobe","Primary Tumor"
"1664",0.911764705882353,0.0173475097929491,0.0860650901403288,"Kidney Chromophobe","Primary Tumor"
"1665",0.911764705882353,0.0173572228443449,0.0861064651995594,"Kidney Chromophobe","Primary Tumor"
"1666",0.911764705882353,0.0173669467787115,0.0861284580420368,"Kidney Chromophobe","Primary Tumor"
"1667",0.911764705882353,0.0173766816143498,0.0863400974826672,"Kidney Chromophobe","Primary Tumor"
"1668",0.911764705882353,0.0173864273696018,0.0865255475677446,"Kidney Chromophobe","Primary Tumor"
"1669",0.911764705882353,0.0173961840628507,0.086542669395005,"Kidney Chromophobe","Primary Tumor"
"1670",0.911764705882353,0.0174059517125211,0.0867963763553922,"Kidney Chromophobe","Primary Tumor"
"1671",0.911764705882353,0.0174157303370787,0.086800477381165,"Kidney Chromophobe","Primary Tumor"
"1672",0.911764705882353,0.0174255199550309,0.0868150037054864,"Kidney Chromophobe","Primary Tumor"
"1673",0.911764705882353,0.0174353205849269,0.0869232503780048,"Kidney Chromophobe","Primary Tumor"
"1674",0.911764705882353,0.0174451322453573,0.0870527345248863,"Kidney Chromophobe","Primary Tumor"
"1675",0.911764705882353,0.017454954954955,0.0872206625133524,"Kidney Chromophobe","Primary Tumor"
"1676",0.882352941176471,0.0169014084507042,0.087298295685317,"Kidney Chromophobe","Primary Tumor"
"1677",0.882352941176471,0.0169109357384442,0.0874512965727017,"Kidney Chromophobe","Primary Tumor"
"1678",0.882352941176471,0.0169204737732657,0.0879780938314867,"Kidney Chromophobe","Primary Tumor"
"1679",0.882352941176471,0.0169300225733634,0.08810277350948,"Kidney Chromophobe","Primary Tumor"
"1680",0.882352941176471,0.0169395821569735,0.0882735062100358,"Kidney Chromophobe","Primary Tumor"
"1681",0.882352941176471,0.0169491525423729,0.0884468614930672,"Kidney Chromophobe","Primary Tumor"
"1682",0.882352941176471,0.0169587337478802,0.0884684030246966,"Kidney Chromophobe","Primary Tumor"
"1683",0.882352941176471,0.0169683257918552,0.0885108595750408,"Kidney Chromophobe","Primary Tumor"
"1684",0.882352941176471,0.0169779286926995,0.0886799549305463,"Kidney Chromophobe","Primary Tumor"
"1685",0.882352941176471,0.0169875424688562,0.0893548618065479,"Kidney Chromophobe","Primary Tumor"
"1686",0.882352941176471,0.0169971671388102,0.0893943206438991,"Kidney Chromophobe","Primary Tumor"
"1687",0.882352941176471,0.0170068027210884,0.0895426136530646,"Kidney Chromophobe","Primary Tumor"
"1688",0.882352941176471,0.0170164492342598,0.0895495697589571,"Kidney Chromophobe","Primary Tumor"
"1689",0.882352941176471,0.0170261066969353,0.0895568803905025,"Kidney Chromophobe","Primary Tumor"
"1690",0.882352941176471,0.0170357751277683,0.089679481705269,"Kidney Chromophobe","Primary Tumor"
"1691",0.882352941176471,0.0170454545454545,0.0897416983205214,"Kidney Chromophobe","Primary Tumor"
"1692",0.882352941176471,0.0170551449687322,0.0897629006740908,"Kidney Chromophobe","Primary Tumor"
"1693",0.882352941176471,0.0170648464163823,0.0898751680756417,"Kidney Chromophobe","Primary Tumor"
"1694",0.882352941176471,0.0170745589072282,0.0899612739840932,"Kidney Chromophobe","Primary Tumor"
"1695",0.882352941176471,0.0170842824601367,0.0901157196481127,"Kidney Chromophobe","Primary Tumor"
"1696",0.882352941176471,0.0170940170940171,0.0903275695692608,"Kidney Chromophobe","Primary Tumor"
"1697",0.882352941176471,0.0171037628278221,0.090345397211369,"Kidney Chromophobe","Primary Tumor"
"1698",0.882352941176471,0.0171135196805476,0.0903852290752578,"Kidney Chromophobe","Primary Tumor"
"1699",0.882352941176471,0.0171232876712329,0.0905441537347661,"Kidney Chromophobe","Primary Tumor"
"1700",0.882352941176471,0.0171330668189606,0.0906694541977676,"Kidney Chromophobe","Primary Tumor"
"1701",0.882352941176471,0.0171428571428571,0.0908119652260413,"Kidney Chromophobe","Primary Tumor"
"1702",0.882352941176471,0.0171526586620926,0.0909689913680995,"Kidney Chromophobe","Primary Tumor"
"1703",0.882352941176471,0.017162471395881,0.0911222083549014,"Kidney Chromophobe","Primary Tumor"
"1704",0.882352941176471,0.0171722953634803,0.0911763408202159,"Kidney Chromophobe","Primary Tumor"
"1705",0.882352941176471,0.0171821305841924,0.0912802477029305,"Kidney Chromophobe","Primary Tumor"
"1706",0.882352941176471,0.0171919770773639,0.0914164507591079,"Kidney Chromophobe","Primary Tumor"
"1707",0.882352941176471,0.0172018348623853,0.0914394735210387,"Kidney Chromophobe","Primary Tumor"
"1708",0.882352941176471,0.0172117039586919,0.0915013459425306,"Kidney Chromophobe","Primary Tumor"
"1709",0.882352941176471,0.0172215843857635,0.0917096348225658,"Kidney Chromophobe","Primary Tumor"
"1710",0.882352941176471,0.0172314761631246,0.0918212788388987,"Kidney Chromophobe","Primary Tumor"
"1711",0.882352941176471,0.0172413793103448,0.0918722541169611,"Kidney Chromophobe","Primary Tumor"
"1712",0.882352941176471,0.0172512938470385,0.0918810427932744,"Kidney Chromophobe","Primary Tumor"
"1713",0.882352941176471,0.0172612197928654,0.0919304649993572,"Kidney Chromophobe","Primary Tumor"
"1714",0.882352941176471,0.0172711571675302,0.0919889639692801,"Kidney Chromophobe","Primary Tumor"
"1715",0.882352941176471,0.0172811059907834,0.0921064047172249,"Kidney Chromophobe","Primary Tumor"
"1716",0.882352941176471,0.0172910662824208,0.0922205336640153,"Kidney Chromophobe","Primary Tumor"
"1717",0.882352941176471,0.0173010380622837,0.0923373330401577,"Kidney Chromophobe","Primary Tumor"
"1718",0.882352941176471,0.0173110213502597,0.0924732174411522,"Kidney Chromophobe","Primary Tumor"
"1719",0.882352941176471,0.0173210161662818,0.0924763289206257,"Kidney Chromophobe","Primary Tumor"
"1720",0.882352941176471,0.0173310225303293,0.0926155337665066,"Kidney Chromophobe","Primary Tumor"
"1721",0.882352941176471,0.0173410404624277,0.0927098289339176,"Kidney Chromophobe","Primary Tumor"
"1722",0.882352941176471,0.0173510699826489,0.0928022726333231,"Kidney Chromophobe","Primary Tumor"
"1723",0.882352941176471,0.0173611111111111,0.0931326846700115,"Kidney Chromophobe","Primary Tumor"
"1724",0.882352941176471,0.0173711638679792,0.0933948058273893,"Kidney Chromophobe","Primary Tumor"
"1725",0.882352941176471,0.0173812282734647,0.093487392827993,"Kidney Chromophobe","Primary Tumor"
"1726",0.882352941176471,0.0173913043478261,0.0938309714575861,"Kidney Chromophobe","Primary Tumor"
"1727",0.882352941176471,0.0174013921113689,0.0938449368842607,"Kidney Chromophobe","Primary Tumor"
"1728",0.882352941176471,0.0174114915844457,0.0939757776085154,"Kidney Chromophobe","Primary Tumor"
"1729",0.882352941176471,0.0174216027874564,0.0940148128895455,"Kidney Chromophobe","Primary Tumor"
"1730",0.882352941176471,0.0174317257408483,0.0943916889160383,"Kidney Chromophobe","Primary Tumor"
"1731",0.882352941176471,0.0174418604651163,0.0944835608650642,"Kidney Chromophobe","Primary Tumor"
"1732",0.882352941176471,0.0174520069808028,0.0948108182582121,"Kidney Chromophobe","Primary Tumor"
"1733",0.882352941176471,0.0174621653084983,0.0948692938069862,"Kidney Chromophobe","Primary Tumor"
"1734",0.882352941176471,0.017472335468841,0.0948785175556276,"Kidney Chromophobe","Primary Tumor"
"1735",0.882352941176471,0.0174825174825175,0.0951211199535883,"Kidney Chromophobe","Primary Tumor"
"1736",0.882352941176471,0.0174927113702624,0.0952886496702585,"Kidney Chromophobe","Primary Tumor"
"1737",0.882352941176471,0.0175029171528588,0.0953336295245687,"Kidney Chromophobe","Primary Tumor"
"1738",0.882352941176471,0.0175131348511384,0.0953391061640999,"Kidney Chromophobe","Primary Tumor"
"1739",0.882352941176471,0.0175233644859813,0.0954406223131734,"Kidney Chromophobe","Primary Tumor"
"1740",0.882352941176471,0.0175336060783168,0.0955840117433428,"Kidney Chromophobe","Primary Tumor"
"1741",0.882352941176471,0.0175438596491228,0.0956537227227679,"Kidney Chromophobe","Primary Tumor"
"1742",0.882352941176471,0.0175541252194266,0.0956673681891888,"Kidney Chromophobe","Primary Tumor"
"1743",0.882352941176471,0.0175644028103044,0.095820792610756,"Kidney Chromophobe","Primary Tumor"
"1744",0.882352941176471,0.0175746924428823,0.0958308955900178,"Kidney Chromophobe","Primary Tumor"
"1745",0.882352941176471,0.0175849941383353,0.0959312214085346,"Kidney Chromophobe","Primary Tumor"
"1746",0.882352941176471,0.0175953079178886,0.0959503910528096,"Kidney Chromophobe","Primary Tumor"
"1747",0.882352941176471,0.0176056338028169,0.0960194507944766,"Kidney Chromophobe","Primary Tumor"
"1748",0.882352941176471,0.0176159718144451,0.0961365460253844,"Kidney Chromophobe","Primary Tumor"
"1749",0.882352941176471,0.0176263219741481,0.096164062367177,"Kidney Chromophobe","Primary Tumor"
"1750",0.882352941176471,0.017636684303351,0.0961778264129864,"Kidney Chromophobe","Primary Tumor"
"1751",0.882352941176471,0.0176470588235294,0.0964209507198806,"Kidney Chromophobe","Primary Tumor"
"1752",0.882352941176471,0.0176574455562095,0.09662974932107,"Kidney Chromophobe","Primary Tumor"
"1753",0.882352941176471,0.0176678445229682,0.096677702489877,"Kidney Chromophobe","Primary Tumor"
"1754",0.882352941176471,0.0176782557454331,0.0967105899453053,"Kidney Chromophobe","Primary Tumor"
"1755",0.882352941176471,0.017688679245283,0.096766716808919,"Kidney Chromophobe","Primary Tumor"
"1756",0.852941176470588,0.0171091445427729,0.096933333178408,"Kidney Chromophobe","Primary Tumor"
"1757",0.852941176470588,0.0171192443919717,0.0969562119184204,"Kidney Chromophobe","Primary Tumor"
"1758",0.852941176470588,0.0171293561724749,0.0971726643720629,"Kidney Chromophobe","Primary Tumor"
"1759",0.852941176470588,0.0171394799054374,0.0972938067160313,"Kidney Chromophobe","Primary Tumor"
"1760",0.852941176470588,0.0171496156120639,0.0973447405844742,"Kidney Chromophobe","Primary Tumor"
"1761",0.852941176470588,0.0171597633136095,0.0973897978645407,"Kidney Chromophobe","Primary Tumor"
"1762",0.852941176470588,0.0171699230313795,0.0974481737078627,"Kidney Chromophobe","Primary Tumor"
"1763",0.852941176470588,0.0171800947867299,0.0975528434938397,"Kidney Chromophobe","Primary Tumor"
"1764",0.852941176470588,0.017190278601067,0.0976052056565557,"Kidney Chromophobe","Primary Tumor"
"1765",0.852941176470588,0.0172004744958482,0.0977237124159609,"Kidney Chromophobe","Primary Tumor"
"1766",0.852941176470588,0.0172106824925816,0.0977862082451262,"Kidney Chromophobe","Primary Tumor"
"1767",0.852941176470588,0.0172209026128266,0.0980112690639159,"Kidney Chromophobe","Primary Tumor"
"1768",0.852941176470588,0.0172311348781937,0.0982294535054069,"Kidney Chromophobe","Primary Tumor"
"1769",0.852941176470588,0.0172413793103448,0.0982621962105226,"Kidney Chromophobe","Primary Tumor"
"1770",0.852941176470588,0.0172516359309935,0.098297522098982,"Kidney Chromophobe","Primary Tumor"
"1771",0.852941176470588,0.0172619047619048,0.0988951722397014,"Kidney Chromophobe","Primary Tumor"
"1772",0.852941176470588,0.0172721858248958,0.0992546039056655,"Kidney Chromophobe","Primary Tumor"
"1773",0.852941176470588,0.0172824791418355,0.0993521876783493,"Kidney Chromophobe","Primary Tumor"
"1774",0.852941176470588,0.0172927847346452,0.099660607086863,"Kidney Chromophobe","Primary Tumor"
"1775",0.852941176470588,0.0173031026252983,0.100072164029269,"Kidney Chromophobe","Primary Tumor"
"1776",0.852941176470588,0.0173134328358209,0.10014905812053,"Kidney Chromophobe","Primary Tumor"
"1777",0.852941176470588,0.0173237753882915,0.100187259863803,"Kidney Chromophobe","Primary Tumor"
"1778",0.852941176470588,0.0173341303048416,0.100332512283808,"Kidney Chromophobe","Primary Tumor"
"1779",0.823529411764706,0.0167464114832536,0.100636858826002,"Kidney Chromophobe","Primary Tumor"
"1780",0.823529411764706,0.0167564332734889,0.100713856759226,"Kidney Chromophobe","Primary Tumor"
"1781",0.823529411764706,0.0167664670658683,0.100843127335959,"Kidney Chromophobe","Primary Tumor"
"1782",0.823529411764706,0.0167765128819652,0.100931669410562,"Kidney Chromophobe","Primary Tumor"
"1783",0.823529411764706,0.0167865707434053,0.101026039419924,"Kidney Chromophobe","Primary Tumor"
"1784",0.823529411764706,0.0167966406718656,0.101217237751295,"Kidney Chromophobe","Primary Tumor"
"1785",0.823529411764706,0.0168067226890756,0.101345943727469,"Kidney Chromophobe","Primary Tumor"
"1786",0.823529411764706,0.0168168168168168,0.101412142583894,"Kidney Chromophobe","Primary Tumor"
"1787",0.823529411764706,0.0168269230769231,0.101540326019714,"Kidney Chromophobe","Primary Tumor"
"1788",0.823529411764706,0.0168370414912808,0.101542866133155,"Kidney Chromophobe","Primary Tumor"
"1789",0.823529411764706,0.0168471720818291,0.101658885288434,"Kidney Chromophobe","Primary Tumor"
"1790",0.823529411764706,0.0168573148705599,0.101697748226815,"Kidney Chromophobe","Primary Tumor"
"1791",0.823529411764706,0.0168674698795181,0.101771838415751,"Kidney Chromophobe","Primary Tumor"
"1792",0.823529411764706,0.0168776371308017,0.101799881446802,"Kidney Chromophobe","Primary Tumor"
"1793",0.823529411764706,0.0168878166465621,0.101938514412592,"Kidney Chromophobe","Primary Tumor"
"1794",0.823529411764706,0.0168980084490042,0.102170648505253,"Kidney Chromophobe","Primary Tumor"
"1795",0.823529411764706,0.0169082125603865,0.10226797825255,"Kidney Chromophobe","Primary Tumor"
"1796",0.823529411764706,0.0169184290030211,0.102564208684227,"Kidney Chromophobe","Primary Tumor"
"1797",0.823529411764706,0.0169286577992745,0.102715261066872,"Kidney Chromophobe","Primary Tumor"
"1798",0.823529411764706,0.0169388989715668,0.102719734293577,"Kidney Chromophobe","Primary Tumor"
"1799",0.823529411764706,0.0169491525423729,0.102811562434513,"Kidney Chromophobe","Primary Tumor"
"1800",0.823529411764706,0.0169594185342217,0.102971086672875,"Kidney Chromophobe","Primary Tumor"
"1801",0.823529411764706,0.016969696969697,0.10300420205115,"Kidney Chromophobe","Primary Tumor"
"1802",0.823529411764706,0.0169799878714372,0.103267675630811,"Kidney Chromophobe","Primary Tumor"
"1803",0.823529411764706,0.0169902912621359,0.103335420545178,"Kidney Chromophobe","Primary Tumor"
"1804",0.823529411764706,0.0170006071645416,0.103384073886208,"Kidney Chromophobe","Primary Tumor"
"1805",0.823529411764706,0.0170109356014581,0.103636779944475,"Kidney Chromophobe","Primary Tumor"
"1806",0.823529411764706,0.0170212765957447,0.103694105427769,"Kidney Chromophobe","Primary Tumor"
"1807",0.823529411764706,0.0170316301703163,0.103697520566215,"Kidney Chromophobe","Primary Tumor"
"1808",0.823529411764706,0.0170419963481436,0.103820010371572,"Kidney Chromophobe","Primary Tumor"
"1809",0.823529411764706,0.0170523751522534,0.104204388983581,"Kidney Chromophobe","Primary Tumor"
"1810",0.823529411764706,0.0170627666057282,0.104276150575953,"Kidney Chromophobe","Primary Tumor"
"1811",0.823529411764706,0.0170731707317073,0.104369879820141,"Kidney Chromophobe","Primary Tumor"
"1812",0.823529411764706,0.0170835875533862,0.104490600193677,"Kidney Chromophobe","Primary Tumor"
"1813",0.823529411764706,0.0170940170940171,0.104542517677932,"Kidney Chromophobe","Primary Tumor"
"1814",0.823529411764706,0.017104459376909,0.105202703399228,"Kidney Chromophobe","Primary Tumor"
"1815",0.823529411764706,0.0171149144254279,0.105384148588442,"Kidney Chromophobe","Primary Tumor"
"1816",0.823529411764706,0.0171253822629969,0.105471875722457,"Kidney Chromophobe","Primary Tumor"
"1817",0.823529411764706,0.0171358629130967,0.105616298526504,"Kidney Chromophobe","Primary Tumor"
"1818",0.823529411764706,0.0171463563992652,0.105884646216009,"Kidney Chromophobe","Primary Tumor"
"1819",0.823529411764706,0.017156862745098,0.106129465134758,"Kidney Chromophobe","Primary Tumor"
"1820",0.823529411764706,0.0171673819742489,0.106505328916435,"Kidney Chromophobe","Primary Tumor"
"1821",0.823529411764706,0.0171779141104294,0.106557732241967,"Kidney Chromophobe","Primary Tumor"
"1822",0.823529411764706,0.0171884591774095,0.106700855472977,"Kidney Chromophobe","Primary Tumor"
"1823",0.823529411764706,0.0171990171990172,0.106715077930258,"Kidney Chromophobe","Primary Tumor"
"1824",0.823529411764706,0.0172095881991395,0.106785640589791,"Kidney Chromophobe","Primary Tumor"
"1825",0.823529411764706,0.017220172201722,0.106970092306799,"Kidney Chromophobe","Primary Tumor"
"1826",0.823529411764706,0.0172307692307692,0.107350221734877,"Kidney Chromophobe","Primary Tumor"
"1827",0.823529411764706,0.0172413793103448,0.107448690745719,"Kidney Chromophobe","Primary Tumor"
"1828",0.823529411764706,0.0172520024645718,0.10765727300082,"Kidney Chromophobe","Primary Tumor"
"1829",0.823529411764706,0.0172626387176326,0.107705187560576,"Kidney Chromophobe","Primary Tumor"
"1830",0.823529411764706,0.0172732880937693,0.108398953354452,"Kidney Chromophobe","Primary Tumor"
"1831",0.823529411764706,0.0172839506172839,0.108698286460434,"Kidney Chromophobe","Primary Tumor"
"1832",0.823529411764706,0.0172946263125386,0.108767906704233,"Kidney Chromophobe","Primary Tumor"
"1833",0.823529411764706,0.0173053152039555,0.109022076564975,"Kidney Chromophobe","Primary Tumor"
"1834",0.823529411764706,0.0173160173160173,0.109072235626239,"Kidney Chromophobe","Primary Tumor"
"1835",0.823529411764706,0.0173267326732673,0.109226666769688,"Kidney Chromophobe","Primary Tumor"
"1836",0.823529411764706,0.0173374613003096,0.109262621503684,"Kidney Chromophobe","Primary Tumor"
"1837",0.823529411764706,0.0173482032218092,0.109444855113729,"Kidney Chromophobe","Primary Tumor"
"1838",0.823529411764706,0.0173589584624923,0.109478392442213,"Kidney Chromophobe","Primary Tumor"
"1839",0.823529411764706,0.0173697270471464,0.109508051156846,"Kidney Chromophobe","Primary Tumor"
"1840",0.823529411764706,0.0173805090006207,0.109620634420948,"Kidney Chromophobe","Primary Tumor"
"1841",0.823529411764706,0.0173913043478261,0.109847953657529,"Kidney Chromophobe","Primary Tumor"
"1842",0.823529411764706,0.0174021131137352,0.109874976829229,"Kidney Chromophobe","Primary Tumor"
"1843",0.823529411764706,0.0174129353233831,0.109899730172553,"Kidney Chromophobe","Primary Tumor"
"1844",0.823529411764706,0.0174237710018668,0.109909244261033,"Kidney Chromophobe","Primary Tumor"
"1845",0.823529411764706,0.0174346201743462,0.110052185002099,"Kidney Chromophobe","Primary Tumor"
"1846",0.823529411764706,0.0174454828660436,0.110222213712889,"Kidney Chromophobe","Primary Tumor"
"1847",0.823529411764706,0.0174563591022444,0.110224513853691,"Kidney Chromophobe","Primary Tumor"
"1848",0.823529411764706,0.0174672489082969,0.110286451641386,"Kidney Chromophobe","Primary Tumor"
"1849",0.823529411764706,0.017478152309613,0.110310121285736,"Kidney Chromophobe","Primary Tumor"
"1850",0.823529411764706,0.0174890693316677,0.110332046862459,"Kidney Chromophobe","Primary Tumor"
"1851",0.823529411764706,0.0175,0.110440193667742,"Kidney Chromophobe","Primary Tumor"
"1852",0.823529411764706,0.0175109443402126,0.110467325180785,"Kidney Chromophobe","Primary Tumor"
"1853",0.823529411764706,0.0175219023779725,0.110569311254891,"Kidney Chromophobe","Primary Tumor"
"1854",0.823529411764706,0.0175328741390106,0.110599289104432,"Kidney Chromophobe","Primary Tumor"
"1855",0.823529411764706,0.0175438596491228,0.110661292908053,"Kidney Chromophobe","Primary Tumor"
"1856",0.823529411764706,0.0175548589341693,0.110982342437822,"Kidney Chromophobe","Primary Tumor"
"1857",0.823529411764706,0.0175658720200753,0.1110543892053,"Kidney Chromophobe","Primary Tumor"
"1858",0.823529411764706,0.0175768989328311,0.111383836149813,"Kidney Chromophobe","Primary Tumor"
"1859",0.823529411764706,0.0175879396984925,0.111508293874769,"Kidney Chromophobe","Primary Tumor"
"1860",0.823529411764706,0.0175989943431804,0.111603999491126,"Kidney Chromophobe","Primary Tumor"
"1861",0.823529411764706,0.0176100628930818,0.112150320747755,"Kidney Chromophobe","Primary Tumor"
"1862",0.823529411764706,0.0176211453744493,0.112262211977562,"Kidney Chromophobe","Primary Tumor"
"1863",0.823529411764706,0.017632241813602,0.112278126432384,"Kidney Chromophobe","Primary Tumor"
"1864",0.823529411764706,0.017643352236925,0.112280625359953,"Kidney Chromophobe","Primary Tumor"
"1865",0.823529411764706,0.0176544766708701,0.112326129043896,"Kidney Chromophobe","Primary Tumor"
"1866",0.823529411764706,0.0176656151419558,0.112622059973901,"Kidney Chromophobe","Primary Tumor"
"1867",0.823529411764706,0.0176767676767677,0.112968893405873,"Kidney Chromophobe","Primary Tumor"
"1868",0.823529411764706,0.0176879343019583,0.113127878160973,"Kidney Chromophobe","Primary Tumor"
"1869",0.823529411764706,0.0176991150442478,0.113156836576923,"Kidney Chromophobe","Primary Tumor"
"1870",0.823529411764706,0.0177103099304238,0.113218499951266,"Kidney Chromophobe","Primary Tumor"
"1871",0.823529411764706,0.0177215189873418,0.113231998396277,"Kidney Chromophobe","Primary Tumor"
"1872",0.823529411764706,0.0177327422419253,0.113336182711559,"Kidney Chromophobe","Primary Tumor"
"1873",0.823529411764706,0.017743979721166,0.113432044912614,"Kidney Chromophobe","Primary Tumor"
"1874",0.823529411764706,0.0177552314521243,0.113893138444794,"Kidney Chromophobe","Primary Tumor"
"1875",0.823529411764706,0.0177664974619289,0.114057314751102,"Kidney Chromophobe","Primary Tumor"
"1876",0.823529411764706,0.0177777777777778,0.114630897727146,"Kidney Chromophobe","Primary Tumor"
"1877",0.823529411764706,0.0177890724269377,0.11470123712294,"Kidney Chromophobe","Primary Tumor"
"1878",0.823529411764706,0.0178003814367451,0.114768099432386,"Kidney Chromophobe","Primary Tumor"
"1879",0.823529411764706,0.0178117048346056,0.1150084094474,"Kidney Chromophobe","Primary Tumor"
"1880",0.823529411764706,0.0178230426479949,0.115184379210672,"Kidney Chromophobe","Primary Tumor"
"1881",0.823529411764706,0.0178343949044586,0.115325319089148,"Kidney Chromophobe","Primary Tumor"
"1882",0.823529411764706,0.0178457616316125,0.115348383161297,"Kidney Chromophobe","Primary Tumor"
"1883",0.823529411764706,0.0178571428571429,0.115364752527449,"Kidney Chromophobe","Primary Tumor"
"1884",0.823529411764706,0.0178685386088066,0.115488650410007,"Kidney Chromophobe","Primary Tumor"
"1885",0.823529411764706,0.0178799489144317,0.115514300915818,"Kidney Chromophobe","Primary Tumor"
"1886",0.823529411764706,0.0178913738019169,0.115798924508997,"Kidney Chromophobe","Primary Tumor"
"1887",0.823529411764706,0.0179028132992327,0.115908557331031,"Kidney Chromophobe","Primary Tumor"
"1888",0.823529411764706,0.017914267434421,0.116313399079445,"Kidney Chromophobe","Primary Tumor"
"1889",0.823529411764706,0.0179257362355954,0.1163391929546,"Kidney Chromophobe","Primary Tumor"
"1890",0.823529411764706,0.0179372197309417,0.116710995784898,"Kidney Chromophobe","Primary Tumor"
"1891",0.823529411764706,0.0179487179487179,0.116728901529982,"Kidney Chromophobe","Primary Tumor"
"1892",0.823529411764706,0.0179602309172547,0.117069231831518,"Kidney Chromophobe","Primary Tumor"
"1893",0.823529411764706,0.0179717586649551,0.117134399619423,"Kidney Chromophobe","Primary Tumor"
"1894",0.823529411764706,0.0179833012202954,0.117145311196348,"Kidney Chromophobe","Primary Tumor"
"1895",0.823529411764706,0.0179948586118252,0.117253787631368,"Kidney Chromophobe","Primary Tumor"
"1896",0.823529411764706,0.0180064308681672,0.11727886370798,"Kidney Chromophobe","Primary Tumor"
"1897",0.823529411764706,0.018018018018018,0.117321607915795,"Kidney Chromophobe","Primary Tumor"
"1898",0.823529411764706,0.0180296200901481,0.117430334105752,"Kidney Chromophobe","Primary Tumor"
"1899",0.823529411764706,0.0180412371134021,0.117475222622688,"Kidney Chromophobe","Primary Tumor"
"1900",0.823529411764706,0.0180528691166989,0.117809828969885,"Kidney Chromophobe","Primary Tumor"
"1901",0.823529411764706,0.0180645161290323,0.118157363732608,"Kidney Chromophobe","Primary Tumor"
"1902",0.823529411764706,0.0180761781794706,0.118237375102726,"Kidney Chromophobe","Primary Tumor"
"1903",0.823529411764706,0.0180878552971576,0.118502666620852,"Kidney Chromophobe","Primary Tumor"
"1904",0.823529411764706,0.0180995475113122,0.118678146505966,"Kidney Chromophobe","Primary Tumor"
"1905",0.823529411764706,0.018111254851229,0.118720060312303,"Kidney Chromophobe","Primary Tumor"
"1906",0.823529411764706,0.0181229773462783,0.11908176806443,"Kidney Chromophobe","Primary Tumor"
"1907",0.823529411764706,0.0181347150259067,0.119155920618964,"Kidney Chromophobe","Primary Tumor"
"1908",0.823529411764706,0.0181464679196371,0.119270284670007,"Kidney Chromophobe","Primary Tumor"
"1909",0.823529411764706,0.0181582360570687,0.119527398451997,"Kidney Chromophobe","Primary Tumor"
"1910",0.823529411764706,0.018170019467878,0.119642880421777,"Kidney Chromophobe","Primary Tumor"
"1911",0.823529411764706,0.0181818181818182,0.119779645183835,"Kidney Chromophobe","Primary Tumor"
"1912",0.823529411764706,0.0181936322287199,0.120056901671389,"Kidney Chromophobe","Primary Tumor"
"1913",0.823529411764706,0.0182054616384915,0.120091850821418,"Kidney Chromophobe","Primary Tumor"
"1914",0.823529411764706,0.0182173064411191,0.120177157109144,"Kidney Chromophobe","Primary Tumor"
"1915",0.823529411764706,0.0182291666666667,0.120217973227823,"Kidney Chromophobe","Primary Tumor"
"1916",0.823529411764706,0.0182410423452769,0.12038235580356,"Kidney Chromophobe","Primary Tumor"
"1917",0.823529411764706,0.0182529335071708,0.120390189195753,"Kidney Chromophobe","Primary Tumor"
"1918",0.823529411764706,0.0182648401826484,0.120565859888922,"Kidney Chromophobe","Primary Tumor"
"1919",0.823529411764706,0.0182767624020888,0.120927810384648,"Kidney Chromophobe","Primary Tumor"
"1920",0.823529411764706,0.0182887001959504,0.121151928595764,"Kidney Chromophobe","Primary Tumor"
"1921",0.823529411764706,0.0183006535947712,0.121157003237284,"Kidney Chromophobe","Primary Tumor"
"1922",0.823529411764706,0.0183126226291694,0.121295471689081,"Kidney Chromophobe","Primary Tumor"
"1923",0.823529411764706,0.0183246073298429,0.121383540701191,"Kidney Chromophobe","Primary Tumor"
"1924",0.823529411764706,0.0183366077275704,0.121511617847188,"Kidney Chromophobe","Primary Tumor"
"1925",0.823529411764706,0.018348623853211,0.121517906282706,"Kidney Chromophobe","Primary Tumor"
"1926",0.823529411764706,0.0183606557377049,0.121999357949189,"Kidney Chromophobe","Primary Tumor"
"1927",0.823529411764706,0.0183727034120735,0.12210164002348,"Kidney Chromophobe","Primary Tumor"
"1928",0.823529411764706,0.0183847669074196,0.122118115941825,"Kidney Chromophobe","Primary Tumor"
"1929",0.823529411764706,0.0183968462549277,0.122220229748163,"Kidney Chromophobe","Primary Tumor"
"1930",0.823529411764706,0.0184089414858646,0.123380662711544,"Kidney Chromophobe","Primary Tumor"
"1931",0.823529411764706,0.0184210526315789,0.123506439830057,"Kidney Chromophobe","Primary Tumor"
"1932",0.823529411764706,0.0184331797235023,0.123524165156514,"Kidney Chromophobe","Primary Tumor"
"1933",0.823529411764706,0.0184453227931489,0.123560128341863,"Kidney Chromophobe","Primary Tumor"
"1934",0.823529411764706,0.018457481872116,0.123799238383937,"Kidney Chromophobe","Primary Tumor"
"1935",0.823529411764706,0.0184696569920844,0.123807695782762,"Kidney Chromophobe","Primary Tumor"
"1936",0.794117647058823,0.0178217821782178,0.124096124533762,"Kidney Chromophobe","Primary Tumor"
"1937",0.794117647058823,0.0178335535006605,0.124251906689612,"Kidney Chromophobe","Primary Tumor"
"1938",0.794117647058823,0.0178453403833444,0.124254633798974,"Kidney Chromophobe","Primary Tumor"
"1939",0.794117647058823,0.0178571428571429,0.124330582165757,"Kidney Chromophobe","Primary Tumor"
"1940",0.794117647058823,0.0178689609530112,0.125224698212108,"Kidney Chromophobe","Primary Tumor"
"1941",0.794117647058823,0.0178807947019868,0.125313814996674,"Kidney Chromophobe","Primary Tumor"
"1942",0.794117647058823,0.0178926441351889,0.125494116449092,"Kidney Chromophobe","Primary Tumor"
"1943",0.794117647058823,0.0179045092838196,0.125577067763962,"Kidney Chromophobe","Primary Tumor"
"1944",0.794117647058823,0.0179163901791639,0.125631918385359,"Kidney Chromophobe","Primary Tumor"
"1945",0.794117647058823,0.0179282868525896,0.125649511805669,"Kidney Chromophobe","Primary Tumor"
"1946",0.794117647058823,0.0179401993355482,0.125925733739207,"Kidney Chromophobe","Primary Tumor"
"1947",0.794117647058823,0.0179521276595745,0.126010409051016,"Kidney Chromophobe","Primary Tumor"
"1948",0.794117647058823,0.0179640718562874,0.126185938021605,"Kidney Chromophobe","Primary Tumor"
"1949",0.794117647058823,0.0179760319573901,0.126213831698429,"Kidney Chromophobe","Primary Tumor"
"1950",0.794117647058823,0.0179880079946702,0.126777710808504,"Kidney Chromophobe","Primary Tumor"
"1951",0.794117647058823,0.018,0.12687465847513,"Kidney Chromophobe","Primary Tumor"
"1952",0.794117647058823,0.0180120080053369,0.126945940985933,"Kidney Chromophobe","Primary Tumor"
"1953",0.794117647058823,0.0180240320427236,0.127200571059516,"Kidney Chromophobe","Primary Tumor"
"1954",0.794117647058823,0.0180360721442886,0.127256030666278,"Kidney Chromophobe","Primary Tumor"
"1955",0.794117647058823,0.018048128342246,0.127377907768094,"Kidney Chromophobe","Primary Tumor"
"1956",0.794117647058823,0.0180602006688963,0.12787735757807,"Kidney Chromophobe","Primary Tumor"
"1957",0.794117647058823,0.0180722891566265,0.128165524200567,"Kidney Chromophobe","Primary Tumor"
"1958",0.794117647058823,0.0180843938379102,0.128279452460321,"Kidney Chromophobe","Primary Tumor"
"1959",0.794117647058823,0.0180965147453083,0.128281798597076,"Kidney Chromophobe","Primary Tumor"
"1960",0.794117647058823,0.0181086519114688,0.128364509814245,"Kidney Chromophobe","Primary Tumor"
"1961",0.794117647058823,0.0181208053691275,0.1283862841621,"Kidney Chromophobe","Primary Tumor"
"1962",0.794117647058823,0.0181329751511081,0.128594437593007,"Kidney Chromophobe","Primary Tumor"
"1963",0.794117647058823,0.0181451612903226,0.128609368075849,"Kidney Chromophobe","Primary Tumor"
"1964",0.794117647058823,0.0181573638197714,0.128821991925458,"Kidney Chromophobe","Primary Tumor"
"1965",0.794117647058823,0.0181695827725437,0.128989430688747,"Kidney Chromophobe","Primary Tumor"
"1966",0.794117647058823,0.0181818181818182,0.129092197777078,"Kidney Chromophobe","Primary Tumor"
"1967",0.794117647058823,0.0181940700808625,0.129129330706234,"Kidney Chromophobe","Primary Tumor"
"1968",0.794117647058823,0.0182063385030344,0.129232570710965,"Kidney Chromophobe","Primary Tumor"
"1969",0.794117647058823,0.0182186234817814,0.129243767879486,"Kidney Chromophobe","Primary Tumor"
"1970",0.794117647058823,0.0182309250506415,0.129374788017941,"Kidney Chromophobe","Primary Tumor"
"1971",0.794117647058823,0.0182432432432432,0.129412040638659,"Kidney Chromophobe","Primary Tumor"
"1972",0.794117647058823,0.0182555780933063,0.129568708081713,"Kidney Chromophobe","Primary Tumor"
"1973",0.794117647058823,0.0182679296346414,0.12988127121357,"Kidney Chromophobe","Primary Tumor"
"1974",0.794117647058823,0.018280297901151,0.129920574587864,"Kidney Chromophobe","Primary Tumor"
"1975",0.794117647058823,0.0182926829268293,0.130160143512068,"Kidney Chromophobe","Primary Tumor"
"1976",0.794117647058823,0.0183050847457627,0.130353342216123,"Kidney Chromophobe","Primary Tumor"
"1977",0.794117647058823,0.0183175033921303,0.130394269593027,"Kidney Chromophobe","Primary Tumor"
"1978",0.794117647058823,0.0183299389002037,0.130538460514644,"Kidney Chromophobe","Primary Tumor"
"1979",0.794117647058823,0.0183423913043478,0.130723118735826,"Kidney Chromophobe","Primary Tumor"
"1980",0.794117647058823,0.0183548606390211,0.130747449774746,"Kidney Chromophobe","Primary Tumor"
"1981",0.794117647058823,0.0183673469387755,0.130774486988145,"Kidney Chromophobe","Primary Tumor"
"1982",0.794117647058823,0.0183798502382573,0.130978039951879,"Kidney Chromophobe","Primary Tumor"
"1983",0.794117647058823,0.0183923705722071,0.131007350061086,"Kidney Chromophobe","Primary Tumor"
"1984",0.794117647058823,0.0184049079754601,0.131110198201267,"Kidney Chromophobe","Primary Tumor"
"1985",0.794117647058823,0.0184174624829468,0.131168347406741,"Kidney Chromophobe","Primary Tumor"
"1986",0.794117647058823,0.0184300341296928,0.131176650270792,"Kidney Chromophobe","Primary Tumor"
"1987",0.794117647058823,0.0184426229508197,0.131188937214201,"Kidney Chromophobe","Primary Tumor"
"1988",0.794117647058823,0.0184552289815448,0.131519407718637,"Kidney Chromophobe","Primary Tumor"
"1989",0.794117647058823,0.0184678522571819,0.131567579437249,"Kidney Chromophobe","Primary Tumor"
"1990",0.794117647058823,0.0184804928131417,0.131919710341779,"Kidney Chromophobe","Primary Tumor"
"1991",0.794117647058823,0.0184931506849315,0.132177379931739,"Kidney Chromophobe","Primary Tumor"
"1992",0.794117647058823,0.0185058259081563,0.132361142225611,"Kidney Chromophobe","Primary Tumor"
"1993",0.794117647058823,0.0185185185185185,0.132664619077952,"Kidney Chromophobe","Primary Tumor"
"1994",0.794117647058823,0.0185312285518188,0.132718708429739,"Kidney Chromophobe","Primary Tumor"
"1995",0.794117647058823,0.018543956043956,0.132871416223487,"Kidney Chromophobe","Primary Tumor"
"1996",0.794117647058823,0.0185567010309278,0.132968242715487,"Kidney Chromophobe","Primary Tumor"
"1997",0.794117647058823,0.0185694635488308,0.133050000935245,"Kidney Chromophobe","Primary Tumor"
"1998",0.794117647058823,0.018582243633861,0.133105495373837,"Kidney Chromophobe","Primary Tumor"
"1999",0.794117647058823,0.0185950413223141,0.133335846540377,"Kidney Chromophobe","Primary Tumor"
"2000",0.794117647058823,0.0186078566505858,0.133417421307016,"Kidney Chromophobe","Primary Tumor"
"2001",0.794117647058823,0.0186206896551724,0.133722379314911,"Kidney Chromophobe","Primary Tumor"
"2002",0.794117647058823,0.0186335403726708,0.133813588182722,"Kidney Chromophobe","Primary Tumor"
"2003",0.794117647058823,0.018646408839779,0.134060138720674,"Kidney Chromophobe","Primary Tumor"
"2004",0.794117647058823,0.0186592950932965,0.134087330679869,"Kidney Chromophobe","Primary Tumor"
"2005",0.794117647058823,0.0186721991701245,0.134146756471474,"Kidney Chromophobe","Primary Tumor"
"2006",0.794117647058823,0.0186851211072664,0.134155360611397,"Kidney Chromophobe","Primary Tumor"
"2007",0.794117647058823,0.0186980609418283,0.134585835864409,"Kidney Chromophobe","Primary Tumor"
"2008",0.794117647058823,0.0187110187110187,0.134629743069652,"Kidney Chromophobe","Primary Tumor"
"2009",0.794117647058823,0.0187239944521498,0.134955458445846,"Kidney Chromophobe","Primary Tumor"
"2010",0.794117647058823,0.0187369882026371,0.135201443622069,"Kidney Chromophobe","Primary Tumor"
"2011",0.794117647058823,0.01875,0.135302681059519,"Kidney Chromophobe","Primary Tumor"
"2012",0.794117647058823,0.0187630298818624,0.135457352215657,"Kidney Chromophobe","Primary Tumor"
"2013",0.794117647058823,0.0187760778859527,0.13549065914264,"Kidney Chromophobe","Primary Tumor"
"2014",0.794117647058823,0.0187891440501044,0.135683700952998,"Kidney Chromophobe","Primary Tumor"
"2015",0.794117647058823,0.0188022284122563,0.135868904794377,"Kidney Chromophobe","Primary Tumor"
"2016",0.794117647058823,0.018815331010453,0.135911342875134,"Kidney Chromophobe","Primary Tumor"
"2017",0.794117647058823,0.0188284518828452,0.136021667773279,"Kidney Chromophobe","Primary Tumor"
"2018",0.794117647058823,0.0188415910676902,0.136051923015725,"Kidney Chromophobe","Primary Tumor"
"2019",0.794117647058823,0.018854748603352,0.136107522982519,"Kidney Chromophobe","Primary Tumor"
"2020",0.794117647058823,0.0188679245283019,0.136183544759892,"Kidney Chromophobe","Primary Tumor"
"2021",0.794117647058823,0.0188811188811189,0.136678473996004,"Kidney Chromophobe","Primary Tumor"
"2022",0.794117647058823,0.0188943317004899,0.13680658978169,"Kidney Chromophobe","Primary Tumor"
"2023",0.794117647058823,0.0189075630252101,0.13683437456902,"Kidney Chromophobe","Primary Tumor"
"2024",0.794117647058823,0.0189208128941836,0.137033856536225,"Kidney Chromophobe","Primary Tumor"
"2025",0.794117647058823,0.0189340813464236,0.137491675693664,"Kidney Chromophobe","Primary Tumor"
"2026",0.794117647058823,0.0189473684210526,0.137769859723308,"Kidney Chromophobe","Primary Tumor"
"2027",0.794117647058823,0.0189606741573034,0.137909456259074,"Kidney Chromophobe","Primary Tumor"
"2028",0.794117647058823,0.0189739985945186,0.138312930862968,"Kidney Chromophobe","Primary Tumor"
"2029",0.794117647058823,0.0189873417721519,0.138557201723563,"Kidney Chromophobe","Primary Tumor"
"2030",0.794117647058823,0.0190007037297678,0.138669851251629,"Kidney Chromophobe","Primary Tumor"
"2031",0.794117647058823,0.0190140845070423,0.138764375335342,"Kidney Chromophobe","Primary Tumor"
"2032",0.794117647058823,0.0190274841437632,0.139333276875383,"Kidney Chromophobe","Primary Tumor"
"2033",0.794117647058823,0.0190409026798307,0.139401313174112,"Kidney Chromophobe","Primary Tumor"
"2034",0.794117647058823,0.0190543401552576,0.139412516411385,"Kidney Chromophobe","Primary Tumor"
"2035",0.794117647058823,0.0190677966101695,0.139437353726674,"Kidney Chromophobe","Primary Tumor"
"2036",0.794117647058823,0.0190812720848057,0.139503236247526,"Kidney Chromophobe","Primary Tumor"
"2037",0.794117647058823,0.0190947666195191,0.139646890202903,"Kidney Chromophobe","Primary Tumor"
"2038",0.794117647058823,0.0191082802547771,0.139774470395611,"Kidney Chromophobe","Primary Tumor"
"2039",0.794117647058823,0.0191218130311615,0.139778310037682,"Kidney Chromophobe","Primary Tumor"
"2040",0.794117647058823,0.0191353649893692,0.139921686510977,"Kidney Chromophobe","Primary Tumor"
"2041",0.794117647058823,0.0191489361702128,0.139999961965851,"Kidney Chromophobe","Primary Tumor"
"2042",0.794117647058823,0.0191625266146203,0.140159781509276,"Kidney Chromophobe","Primary Tumor"
"2043",0.794117647058823,0.0191761363636364,0.140347820152015,"Kidney Chromophobe","Primary Tumor"
"2044",0.794117647058823,0.0191897654584222,0.140388077385947,"Kidney Chromophobe","Primary Tumor"
"2045",0.794117647058823,0.019203413940256,0.140513065576266,"Kidney Chromophobe","Primary Tumor"
"2046",0.794117647058823,0.0192170818505338,0.140557810561618,"Kidney Chromophobe","Primary Tumor"
"2047",0.794117647058823,0.0192307692307692,0.140615348397237,"Kidney Chromophobe","Primary Tumor"
"2048",0.794117647058823,0.0192444761225944,0.140626615101009,"Kidney Chromophobe","Primary Tumor"
"2049",0.794117647058823,0.0192582025677603,0.140825915676482,"Kidney Chromophobe","Primary Tumor"
"2050",0.794117647058823,0.019271948608137,0.140844613865204,"Kidney Chromophobe","Primary Tumor"
"2051",0.794117647058823,0.0192857142857143,0.140889684633446,"Kidney Chromophobe","Primary Tumor"
"2052",0.794117647058823,0.0192994996426019,0.140938300711938,"Kidney Chromophobe","Primary Tumor"
"2053",0.794117647058823,0.01931330472103,0.140960034888615,"Kidney Chromophobe","Primary Tumor"
"2054",0.794117647058823,0.01932712956335,0.140968425089254,"Kidney Chromophobe","Primary Tumor"
"2055",0.794117647058823,0.0193409742120344,0.141194932117642,"Kidney Chromophobe","Primary Tumor"
"2056",0.794117647058823,0.0193548387096774,0.141358443362078,"Kidney Chromophobe","Primary Tumor"
"2057",0.794117647058823,0.0193687230989957,0.141956611516063,"Kidney Chromophobe","Primary Tumor"
"2058",0.794117647058823,0.0193826274228284,0.142009063739258,"Kidney Chromophobe","Primary Tumor"
"2059",0.794117647058823,0.0193965517241379,0.142034147318674,"Kidney Chromophobe","Primary Tumor"
"2060",0.794117647058823,0.0194104960460101,0.142247100632724,"Kidney Chromophobe","Primary Tumor"
"2061",0.794117647058823,0.0194244604316547,0.142399202858269,"Kidney Chromophobe","Primary Tumor"
"2062",0.794117647058823,0.019438444924406,0.142640308280977,"Kidney Chromophobe","Primary Tumor"
"2063",0.794117647058823,0.0194524495677233,0.142698743441291,"Kidney Chromophobe","Primary Tumor"
"2064",0.794117647058823,0.0194664744051911,0.14273760045424,"Kidney Chromophobe","Primary Tumor"
"2065",0.794117647058823,0.0194805194805195,0.142894415252663,"Kidney Chromophobe","Primary Tumor"
"2066",0.794117647058823,0.0194945848375451,0.143114795225085,"Kidney Chromophobe","Primary Tumor"
"2067",0.794117647058823,0.0195086705202312,0.14315825746805,"Kidney Chromophobe","Primary Tumor"
"2068",0.794117647058823,0.0195227765726681,0.143164043369593,"Kidney Chromophobe","Primary Tumor"
"2069",0.794117647058823,0.0195369030390738,0.14333528248856,"Kidney Chromophobe","Primary Tumor"
"2070",0.794117647058823,0.0195510499637944,0.14347720877964,"Kidney Chromophobe","Primary Tumor"
"2071",0.794117647058823,0.0195652173913043,0.143489361704047,"Kidney Chromophobe","Primary Tumor"
"2072",0.794117647058823,0.0195794053662074,0.143651276049441,"Kidney Chromophobe","Primary Tumor"
"2073",0.794117647058823,0.0195936139332366,0.143989000649271,"Kidney Chromophobe","Primary Tumor"
"2074",0.794117647058823,0.0196078431372549,0.144344868681487,"Kidney Chromophobe","Primary Tumor"
"2075",0.794117647058823,0.0196220930232558,0.144389049619086,"Kidney Chromophobe","Primary Tumor"
"2076",0.794117647058823,0.0196363636363636,0.144395528771405,"Kidney Chromophobe","Primary Tumor"
"2077",0.794117647058823,0.0196506550218341,0.144415283864211,"Kidney Chromophobe","Primary Tumor"
"2078",0.794117647058823,0.0196649672250546,0.144480719392016,"Kidney Chromophobe","Primary Tumor"
"2079",0.794117647058823,0.0196793002915452,0.1444870209692,"Kidney Chromophobe","Primary Tumor"
"2080",0.794117647058823,0.0196936542669584,0.144667829878468,"Kidney Chromophobe","Primary Tumor"
"2081",0.794117647058823,0.0197080291970803,0.144972348596947,"Kidney Chromophobe","Primary Tumor"
"2082",0.794117647058823,0.0197224251278305,0.145182377818805,"Kidney Chromophobe","Primary Tumor"
"2083",0.794117647058823,0.0197368421052632,0.145271514973841,"Kidney Chromophobe","Primary Tumor"
"2084",0.794117647058823,0.0197512801755669,0.145317153755038,"Kidney Chromophobe","Primary Tumor"
"2085",0.794117647058823,0.0197657393850659,0.145785289425392,"Kidney Chromophobe","Primary Tumor"
"2086",0.794117647058823,0.0197802197802198,0.145788494803766,"Kidney Chromophobe","Primary Tumor"
"2087",0.794117647058823,0.0197947214076246,0.14584772946717,"Kidney Chromophobe","Primary Tumor"
"2088",0.794117647058823,0.0198092443140132,0.146273029084801,"Kidney Chromophobe","Primary Tumor"
"2089",0.794117647058823,0.0198237885462555,0.14635584099801,"Kidney Chromophobe","Primary Tumor"
"2090",0.794117647058823,0.0198383541513593,0.146449410712021,"Kidney Chromophobe","Primary Tumor"
"2091",0.794117647058823,0.0198529411764706,0.146598191873021,"Kidney Chromophobe","Primary Tumor"
"2092",0.794117647058823,0.0198821796759941,0.146694499498341,"Kidney Chromophobe","Primary Tumor"
"2093",0.794117647058823,0.0198968312453943,0.146710797449511,"Kidney Chromophobe","Primary Tumor"
"2094",0.794117647058823,0.0199115044247788,0.146750710005578,"Kidney Chromophobe","Primary Tumor"
"2095",0.794117647058823,0.0199261992619926,0.147076647993146,"Kidney Chromophobe","Primary Tumor"
"2096",0.794117647058823,0.0199409158050222,0.1471695801357,"Kidney Chromophobe","Primary Tumor"
"2097",0.794117647058823,0.0199556541019956,0.147224467917165,"Kidney Chromophobe","Primary Tumor"
"2098",0.794117647058823,0.0199704142011834,0.14746994328157,"Kidney Chromophobe","Primary Tumor"
"2099",0.794117647058823,0.0199851961509993,0.147845341162047,"Kidney Chromophobe","Primary Tumor"
"2100",0.794117647058823,0.02,0.147996142615138,"Kidney Chromophobe","Primary Tumor"
"2101",0.794117647058823,0.0200148257968866,0.148031627965427,"Kidney Chromophobe","Primary Tumor"
"2102",0.794117647058823,0.0200296735905045,0.148475636162698,"Kidney Chromophobe","Primary Tumor"
"2103",0.794117647058823,0.0200445434298441,0.148538961010809,"Kidney Chromophobe","Primary Tumor"
"2104",0.794117647058823,0.0200594353640416,0.148556424751788,"Kidney Chromophobe","Primary Tumor"
"2105",0.794117647058823,0.0200743494423792,0.148662660047809,"Kidney Chromophobe","Primary Tumor"
"2106",0.794117647058823,0.0200892857142857,0.148665503982619,"Kidney Chromophobe","Primary Tumor"
"2107",0.794117647058823,0.0201042442293373,0.148855034869229,"Kidney Chromophobe","Primary Tumor"
"2108",0.794117647058823,0.0201192250372578,0.148860780367977,"Kidney Chromophobe","Primary Tumor"
"2109",0.794117647058823,0.0201342281879195,0.148953440994665,"Kidney Chromophobe","Primary Tumor"
"2110",0.794117647058823,0.0201492537313433,0.149114389244253,"Kidney Chromophobe","Primary Tumor"
"2111",0.794117647058823,0.0201643017176998,0.149150480504066,"Kidney Chromophobe","Primary Tumor"
"2112",0.794117647058823,0.0201793721973094,0.149160986528517,"Kidney Chromophobe","Primary Tumor"
"2113",0.794117647058823,0.0201944652206432,0.149447051467097,"Kidney Chromophobe","Primary Tumor"
"2114",0.794117647058823,0.0202095808383234,0.149563433308687,"Kidney Chromophobe","Primary Tumor"
"2115",0.794117647058823,0.0202247191011236,0.149741530151495,"Kidney Chromophobe","Primary Tumor"
"2116",0.794117647058823,0.02023988005997,0.149851714794017,"Kidney Chromophobe","Primary Tumor"
"2117",0.794117647058823,0.0202702702702703,0.150207197392974,"Kidney Chromophobe","Primary Tumor"
"2118",0.794117647058823,0.0202854996243426,0.150405371464358,"Kidney Chromophobe","Primary Tumor"
"2119",0.794117647058823,0.0203007518796992,0.150463602588269,"Kidney Chromophobe","Primary Tumor"
"2120",0.794117647058823,0.0203160270880361,0.150887397952655,"Kidney Chromophobe","Primary Tumor"
"2121",0.794117647058823,0.0203313253012048,0.151089139581337,"Kidney Chromophobe","Primary Tumor"
"2122",0.794117647058823,0.0203466465712133,0.151123361975622,"Kidney Chromophobe","Primary Tumor"
"2123",0.794117647058823,0.0203619909502262,0.151656485001219,"Kidney Chromophobe","Primary Tumor"
"2124",0.794117647058823,0.020377358490566,0.151887902350676,"Kidney Chromophobe","Primary Tumor"
"2125",0.794117647058823,0.020392749244713,0.151981992175923,"Kidney Chromophobe","Primary Tumor"
"2126",0.794117647058823,0.0204081632653061,0.152685316871241,"Kidney Chromophobe","Primary Tumor"
"2127",0.794117647058823,0.0204236006051437,0.152843230433528,"Kidney Chromophobe","Primary Tumor"
"2128",0.794117647058823,0.020439061317184,0.153209351590795,"Kidney Chromophobe","Primary Tumor"
"2129",0.794117647058823,0.0204545454545455,0.153215045581635,"Kidney Chromophobe","Primary Tumor"
"2130",0.794117647058823,0.020470053070508,0.153234581352051,"Kidney Chromophobe","Primary Tumor"
"2131",0.794117647058823,0.0204855842185129,0.153263188199754,"Kidney Chromophobe","Primary Tumor"
"2132",0.794117647058823,0.020501138952164,0.153694530715314,"Kidney Chromophobe","Primary Tumor"
"2133",0.794117647058823,0.020516717325228,0.153793648955327,"Kidney Chromophobe","Primary Tumor"
"2134",0.794117647058823,0.020532319391635,0.153902786326463,"Kidney Chromophobe","Primary Tumor"
"2135",0.794117647058823,0.0205479452054795,0.15399473777101,"Kidney Chromophobe","Primary Tumor"
"2136",0.794117647058823,0.0205635948210206,0.153996551429334,"Kidney Chromophobe","Primary Tumor"
"2137",0.794117647058823,0.0205792682926829,0.154086746900036,"Kidney Chromophobe","Primary Tumor"
"2138",0.794117647058823,0.0205949656750572,0.154249978784532,"Kidney Chromophobe","Primary Tumor"
"2139",0.794117647058823,0.0206106870229008,0.154368759560581,"Kidney Chromophobe","Primary Tumor"
"2140",0.794117647058823,0.0206264323911383,0.154620812083922,"Kidney Chromophobe","Primary Tumor"
"2141",0.794117647058823,0.0206422018348624,0.154639243819301,"Kidney Chromophobe","Primary Tumor"
"2142",0.794117647058823,0.0206579954093344,0.154885892668199,"Kidney Chromophobe","Primary Tumor"
"2143",0.794117647058823,0.0206738131699847,0.154929683852945,"Kidney Chromophobe","Primary Tumor"
"2144",0.794117647058823,0.0206896551724138,0.155018319919207,"Kidney Chromophobe","Primary Tumor"
"2145",0.794117647058823,0.0207055214723926,0.15509991895955,"Kidney Chromophobe","Primary Tumor"
"2146",0.794117647058823,0.0207214121258634,0.155146596747294,"Kidney Chromophobe","Primary Tumor"
"2147",0.794117647058823,0.0207373271889401,0.155216755089576,"Kidney Chromophobe","Primary Tumor"
"2148",0.794117647058823,0.0207532667179093,0.155553693293455,"Kidney Chromophobe","Primary Tumor"
"2149",0.794117647058823,0.0207692307692308,0.155616868220626,"Kidney Chromophobe","Primary Tumor"
"2150",0.794117647058823,0.0207852193995381,0.155620197559567,"Kidney Chromophobe","Primary Tumor"
"2151",0.794117647058823,0.0208012326656394,0.155638799569682,"Kidney Chromophobe","Primary Tumor"
"2152",0.794117647058823,0.0208172706245181,0.155802587961824,"Kidney Chromophobe","Primary Tumor"
"2153",0.794117647058823,0.0208333333333333,0.156361249361404,"Kidney Chromophobe","Primary Tumor"
"2154",0.794117647058823,0.0208494208494209,0.156734905717731,"Kidney Chromophobe","Primary Tumor"
"2155",0.794117647058823,0.0208655332302937,0.156775060260202,"Kidney Chromophobe","Primary Tumor"
"2156",0.794117647058823,0.0208816705336427,0.157488828025447,"Kidney Chromophobe","Primary Tumor"
"2157",0.794117647058823,0.0208978328173375,0.158152681048435,"Kidney Chromophobe","Primary Tumor"
"2158",0.794117647058823,0.0209140201394268,0.158236523150225,"Kidney Chromophobe","Primary Tumor"
"2159",0.794117647058823,0.0209464701318852,0.158784901221302,"Kidney Chromophobe","Primary Tumor"
"2160",0.794117647058823,0.0209627329192547,0.159147656202771,"Kidney Chromophobe","Primary Tumor"
"2161",0.794117647058823,0.020979020979021,0.159262674463194,"Kidney Chromophobe","Primary Tumor"
"2162",0.794117647058823,0.02099533437014,0.159346250774268,"Kidney Chromophobe","Primary Tumor"
"2163",0.794117647058823,0.021011673151751,0.159353794960835,"Kidney Chromophobe","Primary Tumor"
"2164",0.794117647058823,0.0210280373831776,0.159858493948789,"Kidney Chromophobe","Primary Tumor"
"2165",0.794117647058823,0.0210444271239283,0.159870737700429,"Kidney Chromophobe","Primary Tumor"
"2166",0.794117647058823,0.0210608424336973,0.160045206035235,"Kidney Chromophobe","Primary Tumor"
"2167",0.794117647058823,0.0210772833723653,0.160152117964635,"Kidney Chromophobe","Primary Tumor"
"2168",0.794117647058823,0.02109375,0.160153403872321,"Kidney Chromophobe","Primary Tumor"
"2169",0.794117647058823,0.0211102423768569,0.160486896644567,"Kidney Chromophobe","Primary Tumor"
"2170",0.794117647058823,0.0211267605633803,0.16052198997572,"Kidney Chromophobe","Primary Tumor"
"2171",0.794117647058823,0.0211433046202036,0.160649441100467,"Kidney Chromophobe","Primary Tumor"
"2172",0.794117647058823,0.0211598746081505,0.160662711672865,"Kidney Chromophobe","Primary Tumor"
"2173",0.794117647058823,0.0211764705882353,0.161036297751487,"Kidney Chromophobe","Primary Tumor"
"2174",0.794117647058823,0.0211930926216641,0.161055486491279,"Kidney Chromophobe","Primary Tumor"
"2175",0.794117647058823,0.021209740769835,0.161480236032252,"Kidney Chromophobe","Primary Tumor"
"2176",0.794117647058823,0.0212264150943396,0.161494601955846,"Kidney Chromophobe","Primary Tumor"
"2177",0.794117647058823,0.021243115656963,0.161566423456736,"Kidney Chromophobe","Primary Tumor"
"2178",0.794117647058823,0.021259842519685,0.161763798919652,"Kidney Chromophobe","Primary Tumor"
"2179",0.794117647058823,0.0212765957446809,0.161806433405342,"Kidney Chromophobe","Primary Tumor"
"2180",0.794117647058823,0.0212933753943218,0.161885935453025,"Kidney Chromophobe","Primary Tumor"
"2181",0.794117647058823,0.021310181531176,0.16189812464194,"Kidney Chromophobe","Primary Tumor"
"2182",0.794117647058823,0.0213270142180095,0.162075418624767,"Kidney Chromophobe","Primary Tumor"
"2183",0.794117647058823,0.0213438735177866,0.162112836724037,"Kidney Chromophobe","Primary Tumor"
"2184",0.794117647058823,0.0213607594936709,0.162134539321719,"Kidney Chromophobe","Primary Tumor"
"2185",0.794117647058823,0.0213776722090261,0.162170572841511,"Kidney Chromophobe","Primary Tumor"
"2186",0.794117647058823,0.0213946117274168,0.162203192792937,"Kidney Chromophobe","Primary Tumor"
"2187",0.794117647058823,0.021411578112609,0.162640600892852,"Kidney Chromophobe","Primary Tumor"
"2188",0.794117647058823,0.0214285714285714,0.163241556662024,"Kidney Chromophobe","Primary Tumor"
"2189",0.794117647058823,0.0214455917394758,0.163542213808279,"Kidney Chromophobe","Primary Tumor"
"2190",0.794117647058823,0.0214626391096979,0.163899991146388,"Kidney Chromophobe","Primary Tumor"
"2191",0.794117647058823,0.0214797136038186,0.163925747927263,"Kidney Chromophobe","Primary Tumor"
"2192",0.794117647058823,0.0214968152866242,0.164193795935452,"Kidney Chromophobe","Primary Tumor"
"2193",0.794117647058823,0.0215139442231076,0.164207356999794,"Kidney Chromophobe","Primary Tumor"
"2194",0.794117647058823,0.0215311004784689,0.165006535393056,"Kidney Chromophobe","Primary Tumor"
"2195",0.794117647058823,0.0215482841181165,0.165011937064366,"Kidney Chromophobe","Primary Tumor"
"2196",0.794117647058823,0.0215654952076677,0.165036452047298,"Kidney Chromophobe","Primary Tumor"
"2197",0.794117647058823,0.0215827338129496,0.165049183434319,"Kidney Chromophobe","Primary Tumor"
"2198",0.794117647058823,0.0216,0.165241345123251,"Kidney Chromophobe","Primary Tumor"
"2199",0.794117647058823,0.0216172938350681,0.165405777709146,"Kidney Chromophobe","Primary Tumor"
"2200",0.794117647058823,0.0216346153846154,0.165554979567957,"Kidney Chromophobe","Primary Tumor"
"2201",0.794117647058823,0.0216519647153168,0.165652006080896,"Kidney Chromophobe","Primary Tumor"
"2202",0.794117647058823,0.021669341894061,0.16570832243757,"Kidney Chromophobe","Primary Tumor"
"2203",0.794117647058823,0.0216867469879518,0.165869252821433,"Kidney Chromophobe","Primary Tumor"
"2204",0.794117647058823,0.0217041800643087,0.166022803849462,"Kidney Chromophobe","Primary Tumor"
"2205",0.794117647058823,0.0217216411906677,0.166246364625891,"Kidney Chromophobe","Primary Tumor"
"2206",0.794117647058823,0.0217391304347826,0.16625616167826,"Kidney Chromophobe","Primary Tumor"
"2207",0.794117647058823,0.0217566478646253,0.166299592205831,"Kidney Chromophobe","Primary Tumor"
"2208",0.794117647058823,0.0217741935483871,0.166426450838639,"Kidney Chromophobe","Primary Tumor"
"2209",0.794117647058823,0.0217917675544794,0.166565590274003,"Kidney Chromophobe","Primary Tumor"
"2210",0.794117647058823,0.0218093699515347,0.166667699627098,"Kidney Chromophobe","Primary Tumor"
"2211",0.794117647058823,0.0218270008084074,0.167039606837554,"Kidney Chromophobe","Primary Tumor"
"2212",0.794117647058823,0.0218446601941748,0.167174398078384,"Kidney Chromophobe","Primary Tumor"
"2213",0.794117647058823,0.0218623481781377,0.167283793594005,"Kidney Chromophobe","Primary Tumor"
"2214",0.794117647058823,0.0218800648298217,0.167298793019585,"Kidney Chromophobe","Primary Tumor"
"2215",0.794117647058823,0.0218978102189781,0.167477470083572,"Kidney Chromophobe","Primary Tumor"
"2216",0.794117647058823,0.0219155844155844,0.167684529959367,"Kidney Chromophobe","Primary Tumor"
"2217",0.794117647058823,0.0219333874898457,0.167690433503423,"Kidney Chromophobe","Primary Tumor"
"2218",0.794117647058823,0.0219512195121951,0.167717783450568,"Kidney Chromophobe","Primary Tumor"
"2219",0.794117647058823,0.0219690805532954,0.16800400031651,"Kidney Chromophobe","Primary Tumor"
"2220",0.794117647058823,0.0219869706840391,0.168284413565579,"Kidney Chromophobe","Primary Tumor"
"2221",0.794117647058823,0.0220048899755501,0.168361996567456,"Kidney Chromophobe","Primary Tumor"
"2222",0.794117647058823,0.0220228384991843,0.168407574541551,"Kidney Chromophobe","Primary Tumor"
"2223",0.794117647058823,0.0220408163265306,0.1687241250178,"Kidney Chromophobe","Primary Tumor"
"2224",0.794117647058823,0.0220588235294118,0.168847410593134,"Kidney Chromophobe","Primary Tumor"
"2225",0.794117647058823,0.0220768601798855,0.168873917049751,"Kidney Chromophobe","Primary Tumor"
"2226",0.794117647058823,0.0220949263502455,0.169145637417823,"Kidney Chromophobe","Primary Tumor"
"2227",0.794117647058823,0.0221130221130221,0.169385055832697,"Kidney Chromophobe","Primary Tumor"
"2228",0.794117647058823,0.0221311475409836,0.169563080452156,"Kidney Chromophobe","Primary Tumor"
"2229",0.794117647058823,0.022149302707137,0.169723925355048,"Kidney Chromophobe","Primary Tumor"
"2230",0.794117647058823,0.0221674876847291,0.169805861281492,"Kidney Chromophobe","Primary Tumor"
"2231",0.794117647058823,0.0221857025472473,0.169833534284638,"Kidney Chromophobe","Primary Tumor"
"2232",0.794117647058823,0.0222039473684211,0.169881870051302,"Kidney Chromophobe","Primary Tumor"
"2233",0.794117647058823,0.0222222222222222,0.170139207402107,"Kidney Chromophobe","Primary Tumor"
"2234",0.794117647058823,0.0222405271828666,0.170312459925748,"Kidney Chromophobe","Primary Tumor"
"2235",0.794117647058823,0.0222772277227723,0.170526971802663,"Kidney Chromophobe","Primary Tumor"
"2236",0.794117647058823,0.0222956234516928,0.17062593776535,"Kidney Chromophobe","Primary Tumor"
"2237",0.794117647058823,0.0223140495867769,0.170658201026315,"Kidney Chromophobe","Primary Tumor"
"2238",0.794117647058823,0.0223325062034739,0.170676935119702,"Kidney Chromophobe","Primary Tumor"
"2239",0.794117647058823,0.0223509933774834,0.170857582836693,"Kidney Chromophobe","Primary Tumor"
"2240",0.794117647058823,0.0223695111847556,0.170892289155841,"Kidney Chromophobe","Primary Tumor"
"2241",0.794117647058823,0.0223880597014925,0.170911702556583,"Kidney Chromophobe","Primary Tumor"
"2242",0.794117647058823,0.0224066390041494,0.170911762128005,"Kidney Chromophobe","Primary Tumor"
"2243",0.794117647058823,0.0224252491694352,0.170947346302855,"Kidney Chromophobe","Primary Tumor"
"2244",0.794117647058823,0.0224438902743142,0.171070784375359,"Kidney Chromophobe","Primary Tumor"
"2245",0.794117647058823,0.0224625623960067,0.171283473951151,"Kidney Chromophobe","Primary Tumor"
"2246",0.794117647058823,0.02248126561199,0.171440794440033,"Kidney Chromophobe","Primary Tumor"
"2247",0.794117647058823,0.0225,0.172219358536814,"Kidney Chromophobe","Primary Tumor"
"2248",0.794117647058823,0.0225187656380317,0.172317220168505,"Kidney Chromophobe","Primary Tumor"
"2249",0.794117647058823,0.0225375626043406,0.172409398867585,"Kidney Chromophobe","Primary Tumor"
"2250",0.794117647058823,0.0225563909774436,0.172444206618274,"Kidney Chromophobe","Primary Tumor"
"2251",0.794117647058823,0.0225752508361204,0.172562683757674,"Kidney Chromophobe","Primary Tumor"
"2252",0.794117647058823,0.0225941422594142,0.172729075929425,"Kidney Chromophobe","Primary Tumor"
"2253",0.794117647058823,0.0226130653266332,0.172812171139577,"Kidney Chromophobe","Primary Tumor"
"2254",0.794117647058823,0.0226320201173512,0.172821001253438,"Kidney Chromophobe","Primary Tumor"
"2255",0.794117647058823,0.0226510067114094,0.17296533257965,"Kidney Chromophobe","Primary Tumor"
"2256",0.794117647058823,0.0226700251889169,0.172991239317114,"Kidney Chromophobe","Primary Tumor"
"2257",0.794117647058823,0.0226890756302521,0.173107205074631,"Kidney Chromophobe","Primary Tumor"
"2258",0.794117647058823,0.0227081581160639,0.173166866705598,"Kidney Chromophobe","Primary Tumor"
"2259",0.794117647058823,0.0227272727272727,0.173244011887797,"Kidney Chromophobe","Primary Tumor"
"2260",0.794117647058823,0.0227464195450716,0.173348207184277,"Kidney Chromophobe","Primary Tumor"
"2261",0.794117647058823,0.0227655986509275,0.173422578516064,"Kidney Chromophobe","Primary Tumor"
"2262",0.794117647058823,0.0227848101265823,0.173462222050671,"Kidney Chromophobe","Primary Tumor"
"2263",0.794117647058823,0.0228040540540541,0.173632872114581,"Kidney Chromophobe","Primary Tumor"
"2264",0.794117647058823,0.0228233305156382,0.173715625558685,"Kidney Chromophobe","Primary Tumor"
"2265",0.794117647058823,0.0228426395939086,0.173943233359753,"Kidney Chromophobe","Primary Tumor"
"2266",0.794117647058823,0.0228619813717189,0.173975893126959,"Kidney Chromophobe","Primary Tumor"
"2267",0.794117647058823,0.0228813559322034,0.174017447357231,"Kidney Chromophobe","Primary Tumor"
"2268",0.794117647058823,0.0229007633587786,0.17403912118605,"Kidney Chromophobe","Primary Tumor"
"2269",0.794117647058823,0.0229202037351443,0.174234003029005,"Kidney Chromophobe","Primary Tumor"
"2270",0.794117647058823,0.0229396771452846,0.174472188824882,"Kidney Chromophobe","Primary Tumor"
"2271",0.794117647058823,0.0229591836734694,0.175221315517172,"Kidney Chromophobe","Primary Tumor"
"2272",0.794117647058823,0.0229787234042553,0.175457697134325,"Kidney Chromophobe","Primary Tumor"
"2273",0.794117647058823,0.0229982964224872,0.175543023689785,"Kidney Chromophobe","Primary Tumor"
"2274",0.794117647058823,0.0230179028132992,0.175635715972629,"Kidney Chromophobe","Primary Tumor"
"2275",0.794117647058823,0.023037542662116,0.17564053938115,"Kidney Chromophobe","Primary Tumor"
"2276",0.794117647058823,0.0230572160546541,0.175683126807266,"Kidney Chromophobe","Primary Tumor"
"2277",0.794117647058823,0.0230769230769231,0.175814051678839,"Kidney Chromophobe","Primary Tumor"
"2278",0.794117647058823,0.0230966638152267,0.176336675884579,"Kidney Chromophobe","Primary Tumor"
"2279",0.794117647058823,0.0231164383561644,0.176354847310865,"Kidney Chromophobe","Primary Tumor"
"2280",0.794117647058823,0.0231362467866324,0.17637708579438,"Kidney Chromophobe","Primary Tumor"
"2281",0.794117647058823,0.023156089193825,0.176674510900571,"Kidney Chromophobe","Primary Tumor"
"2282",0.794117647058823,0.0231759656652361,0.176720971699618,"Kidney Chromophobe","Primary Tumor"
"2283",0.794117647058823,0.0231958762886598,0.17708319352794,"Kidney Chromophobe","Primary Tumor"
"2284",0.794117647058823,0.0232158211521926,0.177083650758474,"Kidney Chromophobe","Primary Tumor"
"2285",0.794117647058823,0.0232358003442341,0.177379712994088,"Kidney Chromophobe","Primary Tumor"
"2286",0.794117647058823,0.0232558139534884,0.177612472972846,"Kidney Chromophobe","Primary Tumor"
"2287",0.794117647058823,0.0232758620689655,0.178083131965877,"Kidney Chromophobe","Primary Tumor"
"2288",0.794117647058823,0.0232959447799827,0.178163051712348,"Kidney Chromophobe","Primary Tumor"
"2289",0.794117647058823,0.0233160621761658,0.178203862632912,"Kidney Chromophobe","Primary Tumor"
"2290",0.794117647058823,0.0233362143474503,0.178572777561347,"Kidney Chromophobe","Primary Tumor"
"2291",0.794117647058823,0.023356401384083,0.179089669838356,"Kidney Chromophobe","Primary Tumor"
"2292",0.794117647058823,0.0233766233766234,0.179757637391274,"Kidney Chromophobe","Primary Tumor"
"2293",0.794117647058823,0.0233968804159445,0.180107700284472,"Kidney Chromophobe","Primary Tumor"
"2294",0.794117647058823,0.023417172593235,0.180716864791191,"Kidney Chromophobe","Primary Tumor"
"2295",0.794117647058823,0.0234375,0.181013379583658,"Kidney Chromophobe","Primary Tumor"
"2296",0.794117647058823,0.0234578627280626,0.181234563511047,"Kidney Chromophobe","Primary Tumor"
"2297",0.794117647058823,0.0234782608695652,0.181389053314744,"Kidney Chromophobe","Primary Tumor"
"2298",0.794117647058823,0.0234986945169713,0.18145558096421,"Kidney Chromophobe","Primary Tumor"
"2299",0.794117647058823,0.0235191637630662,0.181703201712627,"Kidney Chromophobe","Primary Tumor"
"2300",0.794117647058823,0.023539668700959,0.182944299277891,"Kidney Chromophobe","Primary Tumor"
"2301",0.794117647058823,0.0235602094240838,0.183129708442015,"Kidney Chromophobe","Primary Tumor"
"2302",0.794117647058823,0.0235807860262009,0.183139324976778,"Kidney Chromophobe","Primary Tumor"
"2303",0.794117647058823,0.0236013986013986,0.183577084471199,"Kidney Chromophobe","Primary Tumor"
"2304",0.794117647058823,0.0236220472440945,0.183812731722428,"Kidney Chromophobe","Primary Tumor"
"2305",0.794117647058823,0.0236427320490368,0.183866094893085,"Kidney Chromophobe","Primary Tumor"
"2306",0.794117647058823,0.0236634531113059,0.183918568229373,"Kidney Chromophobe","Primary Tumor"
"2307",0.794117647058823,0.0236842105263158,0.184396728146,"Kidney Chromophobe","Primary Tumor"
"2308",0.794117647058823,0.0237050043898156,0.184498882138682,"Kidney Chromophobe","Primary Tumor"
"2309",0.794117647058823,0.023725834797891,0.184511669533973,"Kidney Chromophobe","Primary Tumor"
"2310",0.794117647058823,0.0237467018469657,0.184811012487481,"Kidney Chromophobe","Primary Tumor"
"2311",0.794117647058823,0.0237676056338028,0.185506418879412,"Kidney Chromophobe","Primary Tumor"
"2312",0.794117647058823,0.0237885462555066,0.185706701233648,"Kidney Chromophobe","Primary Tumor"
"2313",0.794117647058823,0.0238095238095238,0.185958935505609,"Kidney Chromophobe","Primary Tumor"
"2314",0.794117647058823,0.0238305383936452,0.185985455951582,"Kidney Chromophobe","Primary Tumor"
"2315",0.794117647058823,0.0238515901060071,0.185993864249572,"Kidney Chromophobe","Primary Tumor"
"2316",0.794117647058823,0.0238726790450928,0.186028313071458,"Kidney Chromophobe","Primary Tumor"
"2317",0.794117647058823,0.0238938053097345,0.18640255163957,"Kidney Chromophobe","Primary Tumor"
"2318",0.794117647058823,0.0239149689991143,0.186609375748352,"Kidney Chromophobe","Primary Tumor"
"2319",0.794117647058823,0.023936170212766,0.18707802926958,"Kidney Chromophobe","Primary Tumor"
"2320",0.794117647058823,0.0239574090505768,0.187148866097644,"Kidney Chromophobe","Primary Tumor"
"2321",0.794117647058823,0.0239786856127886,0.187193061262655,"Kidney Chromophobe","Primary Tumor"
"2322",0.794117647058823,0.024,0.188000609741958,"Kidney Chromophobe","Primary Tumor"
"2323",0.794117647058823,0.0240213523131673,0.188758214230374,"Kidney Chromophobe","Primary Tumor"
"2324",0.794117647058823,0.0240427426536064,0.188982914481014,"Kidney Chromophobe","Primary Tumor"
"2325",0.794117647058823,0.0240641711229947,0.189456450296108,"Kidney Chromophobe","Primary Tumor"
"2326",0.794117647058823,0.024085637823372,0.189585472205919,"Kidney Chromophobe","Primary Tumor"
"2327",0.794117647058823,0.0241071428571429,0.189706627777897,"Kidney Chromophobe","Primary Tumor"
"2328",0.794117647058823,0.0241286863270777,0.189728329152642,"Kidney Chromophobe","Primary Tumor"
"2329",0.794117647058823,0.0241502683363148,0.189822457585513,"Kidney Chromophobe","Primary Tumor"
"2330",0.794117647058823,0.0241718889883617,0.189980814499995,"Kidney Chromophobe","Primary Tumor"
"2331",0.794117647058823,0.0241935483870968,0.190028390981598,"Kidney Chromophobe","Primary Tumor"
"2332",0.794117647058823,0.0242152466367713,0.190066834032587,"Kidney Chromophobe","Primary Tumor"
"2333",0.794117647058823,0.0242369838420108,0.190428662607154,"Kidney Chromophobe","Primary Tumor"
"2334",0.794117647058823,0.0242587601078167,0.19049026779797,"Kidney Chromophobe","Primary Tumor"
"2335",0.764705882352941,0.0233812949640288,0.190662921683433,"Kidney Chromophobe","Primary Tumor"
"2336",0.764705882352941,0.0234023402340234,0.190717225661713,"Kidney Chromophobe","Primary Tumor"
"2337",0.764705882352941,0.0234234234234234,0.190800659131074,"Kidney Chromophobe","Primary Tumor"
"2338",0.764705882352941,0.0234445446348061,0.190877071621083,"Kidney Chromophobe","Primary Tumor"
"2339",0.735294117647059,0.0225631768953069,0.190922254253721,"Kidney Chromophobe","Primary Tumor"
"2340",0.735294117647059,0.022583559168925,0.190927317089118,"Kidney Chromophobe","Primary Tumor"
"2341",0.735294117647059,0.0226039783001808,0.19102097477655,"Kidney Chromophobe","Primary Tumor"
"2342",0.735294117647059,0.0226244343891403,0.191421652624593,"Kidney Chromophobe","Primary Tumor"
"2343",0.735294117647059,0.0226449275362319,0.191588734430314,"Kidney Chromophobe","Primary Tumor"
"2344",0.735294117647059,0.0226654578422484,0.191915938818773,"Kidney Chromophobe","Primary Tumor"
"2345",0.735294117647059,0.0226860254083485,0.192056025489271,"Kidney Chromophobe","Primary Tumor"
"2346",0.735294117647059,0.0227066303360581,0.192150735728922,"Kidney Chromophobe","Primary Tumor"
"2347",0.735294117647059,0.0227272727272727,0.19218155488902,"Kidney Chromophobe","Primary Tumor"
"2348",0.735294117647059,0.0227479526842584,0.192208177310053,"Kidney Chromophobe","Primary Tumor"
"2349",0.735294117647059,0.0227686703096539,0.192355020276073,"Kidney Chromophobe","Primary Tumor"
"2350",0.735294117647059,0.0227894257064722,0.192358092679768,"Kidney Chromophobe","Primary Tumor"
"2351",0.735294117647059,0.0228102189781022,0.193072164747579,"Kidney Chromophobe","Primary Tumor"
"2352",0.735294117647059,0.0228310502283105,0.193105819296853,"Kidney Chromophobe","Primary Tumor"
"2353",0.735294117647059,0.0228519195612431,0.193354558226744,"Kidney Chromophobe","Primary Tumor"
"2354",0.735294117647059,0.0228728270814273,0.193556029577042,"Kidney Chromophobe","Primary Tumor"
"2355",0.735294117647059,0.0228937728937729,0.19373117887275,"Kidney Chromophobe","Primary Tumor"
"2356",0.735294117647059,0.0229147571035747,0.19401388228505,"Kidney Chromophobe","Primary Tumor"
"2357",0.735294117647059,0.0229357798165138,0.195039831850448,"Kidney Chromophobe","Primary Tumor"
"2358",0.735294117647059,0.0229568411386593,0.195237524927853,"Kidney Chromophobe","Primary Tumor"
"2359",0.735294117647059,0.0229779411764706,0.195515778409415,"Kidney Chromophobe","Primary Tumor"
"2360",0.735294117647059,0.0229990800367985,0.195657534111056,"Kidney Chromophobe","Primary Tumor"
"2361",0.735294117647059,0.0230202578268877,0.195784384263834,"Kidney Chromophobe","Primary Tumor"
"2362",0.735294117647059,0.0230414746543779,0.195834272328049,"Kidney Chromophobe","Primary Tumor"
"2363",0.735294117647059,0.0230627306273063,0.195929703605291,"Kidney Chromophobe","Primary Tumor"
"2364",0.735294117647059,0.023084025854109,0.196188820925978,"Kidney Chromophobe","Primary Tumor"
"2365",0.735294117647059,0.0231053604436229,0.196231984492744,"Kidney Chromophobe","Primary Tumor"
"2366",0.735294117647059,0.0231267345050879,0.196628872205151,"Kidney Chromophobe","Primary Tumor"
"2367",0.735294117647059,0.0231481481481481,0.196732360973559,"Kidney Chromophobe","Primary Tumor"
"2368",0.735294117647059,0.0231696014828545,0.197533312346567,"Kidney Chromophobe","Primary Tumor"
"2369",0.735294117647059,0.023191094619666,0.197561796430443,"Kidney Chromophobe","Primary Tumor"
"2370",0.735294117647059,0.0232126276694522,0.197826577217354,"Kidney Chromophobe","Primary Tumor"
"2371",0.705882352941177,0.0223048327137546,0.19785939939909,"Kidney Chromophobe","Primary Tumor"
"2372",0.705882352941177,0.0223255813953488,0.197980455764164,"Kidney Chromophobe","Primary Tumor"
"2373",0.705882352941177,0.0223463687150838,0.198262505994837,"Kidney Chromophobe","Primary Tumor"
"2374",0.705882352941177,0.0223671947809879,0.198263294857994,"Kidney Chromophobe","Primary Tumor"
"2375",0.705882352941177,0.0223880597014925,0.198494966648196,"Kidney Chromophobe","Primary Tumor"
"2376",0.705882352941177,0.0224089635854342,0.198650447179699,"Kidney Chromophobe","Primary Tumor"
"2377",0.705882352941177,0.0224299065420561,0.198774325956036,"Kidney Chromophobe","Primary Tumor"
"2378",0.705882352941177,0.0224508886810103,0.199223136210833,"Kidney Chromophobe","Primary Tumor"
"2379",0.705882352941177,0.0224719101123595,0.199316305149079,"Kidney Chromophobe","Primary Tumor"
"2380",0.705882352941177,0.0224929709465792,0.199436303335622,"Kidney Chromophobe","Primary Tumor"
"2381",0.705882352941177,0.0225140712945591,0.199449308415052,"Kidney Chromophobe","Primary Tumor"
"2382",0.705882352941177,0.0225352112676056,0.199595138104395,"Kidney Chromophobe","Primary Tumor"
"2383",0.705882352941177,0.0225776105362183,0.199881825188103,"Kidney Chromophobe","Primary Tumor"
"2384",0.705882352941177,0.0225988700564972,0.199898756692748,"Kidney Chromophobe","Primary Tumor"
"2385",0.705882352941177,0.0226201696512724,0.199914417283576,"Kidney Chromophobe","Primary Tumor"
"2386",0.705882352941177,0.0226415094339623,0.200039485622173,"Kidney Chromophobe","Primary Tumor"
"2387",0.705882352941177,0.0226628895184136,0.200158099012201,"Kidney Chromophobe","Primary Tumor"
"2388",0.705882352941177,0.0226843100189036,0.200211862848333,"Kidney Chromophobe","Primary Tumor"
"2389",0.705882352941177,0.0227057710501419,0.200339849144242,"Kidney Chromophobe","Primary Tumor"
"2390",0.705882352941177,0.0227272727272727,0.200724910713285,"Kidney Chromophobe","Primary Tumor"
"2391",0.705882352941177,0.0227488151658768,0.200859007294759,"Kidney Chromophobe","Primary Tumor"
"2392",0.705882352941177,0.0227703984819734,0.201068811292529,"Kidney Chromophobe","Primary Tumor"
"2393",0.705882352941177,0.0227920227920228,0.201197900796214,"Kidney Chromophobe","Primary Tumor"
"2394",0.705882352941177,0.0228136882129278,0.201322655979144,"Kidney Chromophobe","Primary Tumor"
"2395",0.705882352941177,0.0228353948620362,0.201326832061222,"Kidney Chromophobe","Primary Tumor"
"2396",0.705882352941177,0.0228571428571429,0.201815627777525,"Kidney Chromophobe","Primary Tumor"
"2397",0.705882352941177,0.0228789323164919,0.202667471750443,"Kidney Chromophobe","Primary Tumor"
"2398",0.705882352941177,0.0229007633587786,0.202900407461408,"Kidney Chromophobe","Primary Tumor"
"2399",0.705882352941177,0.0229226361031519,0.20329228038473,"Kidney Chromophobe","Primary Tumor"
"2400",0.705882352941177,0.0229445506692161,0.203655205780554,"Kidney Chromophobe","Primary Tumor"
"2401",0.705882352941177,0.0229665071770335,0.204045346422933,"Kidney Chromophobe","Primary Tumor"
"2402",0.705882352941177,0.0229885057471264,0.204120986963755,"Kidney Chromophobe","Primary Tumor"
"2403",0.705882352941177,0.0230105465004794,0.204662055372227,"Kidney Chromophobe","Primary Tumor"
"2404",0.705882352941177,0.0230326295585413,0.204672323838153,"Kidney Chromophobe","Primary Tumor"
"2405",0.705882352941177,0.0230547550432277,0.204734197103325,"Kidney Chromophobe","Primary Tumor"
"2406",0.705882352941177,0.0230769230769231,0.204735564432671,"Kidney Chromophobe","Primary Tumor"
"2407",0.705882352941177,0.0230991337824832,0.205054464395589,"Kidney Chromophobe","Primary Tumor"
"2408",0.705882352941177,0.023121387283237,0.205104442959919,"Kidney Chromophobe","Primary Tumor"
"2409",0.676470588235294,0.0221793635486982,0.205402588619425,"Kidney Chromophobe","Primary Tumor"
"2410",0.676470588235294,0.0222007722007722,0.205443756086079,"Kidney Chromophobe","Primary Tumor"
"2411",0.676470588235294,0.0222222222222222,0.205559042647141,"Kidney Chromophobe","Primary Tumor"
"2412",0.676470588235294,0.0222437137330754,0.205962179461636,"Kidney Chromophobe","Primary Tumor"
"2413",0.676470588235294,0.0222652468538238,0.206323711935276,"Kidney Chromophobe","Primary Tumor"
"2414",0.676470588235294,0.0222868217054264,0.206498905955245,"Kidney Chromophobe","Primary Tumor"
"2415",0.676470588235294,0.0223084384093113,0.206734911456665,"Kidney Chromophobe","Primary Tumor"
"2416",0.676470588235294,0.0223300970873786,0.206909633580897,"Kidney Chromophobe","Primary Tumor"
"2417",0.676470588235294,0.0223517978620019,0.207024803541888,"Kidney Chromophobe","Primary Tumor"
"2418",0.676470588235294,0.0223735408560311,0.207094363258644,"Kidney Chromophobe","Primary Tumor"
"2419",0.676470588235294,0.0223953261927945,0.207459770600539,"Kidney Chromophobe","Primary Tumor"
"2420",0.676470588235294,0.0224171539961014,0.207538819005476,"Kidney Chromophobe","Primary Tumor"
"2421",0.676470588235294,0.0224390243902439,0.207565621810718,"Kidney Chromophobe","Primary Tumor"
"2422",0.676470588235294,0.0224609375,0.208015782873214,"Kidney Chromophobe","Primary Tumor"
"2423",0.676470588235294,0.0224828934506354,0.208169751940413,"Kidney Chromophobe","Primary Tumor"
"2424",0.676470588235294,0.0225048923679061,0.20837607783415,"Kidney Chromophobe","Primary Tumor"
"2425",0.676470588235294,0.0225269343780607,0.208397021605539,"Kidney Chromophobe","Primary Tumor"
"2426",0.676470588235294,0.0225490196078431,0.209305179079305,"Kidney Chromophobe","Primary Tumor"
"2427",0.676470588235294,0.0225711481844946,0.209426916361555,"Kidney Chromophobe","Primary Tumor"
"2428",0.676470588235294,0.0225933202357564,0.209597260079377,"Kidney Chromophobe","Primary Tumor"
"2429",0.676470588235294,0.0226155358898722,0.20972694275527,"Kidney Chromophobe","Primary Tumor"
"2430",0.676470588235294,0.0226377952755906,0.210247874064682,"Kidney Chromophobe","Primary Tumor"
"2431",0.676470588235294,0.0226600985221675,0.210290945730605,"Kidney Chromophobe","Primary Tumor"
"2432",0.676470588235294,0.0226824457593688,0.210404671403042,"Kidney Chromophobe","Primary Tumor"
"2433",0.676470588235294,0.0227048371174729,0.210479433790044,"Kidney Chromophobe","Primary Tumor"
"2434",0.676470588235294,0.0227272727272727,0.210523188477132,"Kidney Chromophobe","Primary Tumor"
"2435",0.676470588235294,0.0227497527200791,0.210654719314743,"Kidney Chromophobe","Primary Tumor"
"2436",0.676470588235294,0.0227722772277228,0.210720218446205,"Kidney Chromophobe","Primary Tumor"
"2437",0.676470588235294,0.022794846382557,0.210885975431896,"Kidney Chromophobe","Primary Tumor"
"2438",0.676470588235294,0.0228174603174603,0.21111896316024,"Kidney Chromophobe","Primary Tumor"
"2439",0.676470588235294,0.0228401191658391,0.21186477519932,"Kidney Chromophobe","Primary Tumor"
"2440",0.676470588235294,0.0228628230616302,0.212376937375593,"Kidney Chromophobe","Primary Tumor"
"2441",0.676470588235294,0.0228855721393035,0.212875538366168,"Kidney Chromophobe","Primary Tumor"
"2442",0.676470588235294,0.0229083665338645,0.212918218502009,"Kidney Chromophobe","Primary Tumor"
"2443",0.676470588235294,0.0229312063808574,0.213354119177269,"Kidney Chromophobe","Primary Tumor"
"2444",0.676470588235294,0.0229540918163673,0.213747987049922,"Kidney Chromophobe","Primary Tumor"
"2445",0.676470588235294,0.022977022977023,0.213893714428744,"Kidney Chromophobe","Primary Tumor"
"2446",0.676470588235294,0.023,0.214097265820662,"Kidney Chromophobe","Primary Tumor"
"2447",0.676470588235294,0.023023023023023,0.214252731535604,"Kidney Chromophobe","Primary Tumor"
"2448",0.676470588235294,0.0230460921843687,0.214348220818067,"Kidney Chromophobe","Primary Tumor"
"2449",0.676470588235294,0.0230692076228686,0.21472380110403,"Kidney Chromophobe","Primary Tumor"
"2450",0.676470588235294,0.0230923694779116,0.215103183073926,"Kidney Chromophobe","Primary Tumor"
"2451",0.676470588235294,0.0231155778894472,0.215529509454808,"Kidney Chromophobe","Primary Tumor"
"2452",0.676470588235294,0.0231388329979879,0.21581167454395,"Kidney Chromophobe","Primary Tumor"
"2453",0.676470588235294,0.0231621349446123,0.215991857858395,"Kidney Chromophobe","Primary Tumor"
"2454",0.676470588235294,0.0231854838709677,0.216164026601855,"Kidney Chromophobe","Primary Tumor"
"2455",0.676470588235294,0.0232088799192735,0.216178112851061,"Kidney Chromophobe","Primary Tumor"
"2456",0.676470588235294,0.0232323232323232,0.216198975924493,"Kidney Chromophobe","Primary Tumor"
"2457",0.676470588235294,0.0232558139534884,0.216350067547634,"Kidney Chromophobe","Primary Tumor"
"2458",0.676470588235294,0.0232793522267206,0.216378118218148,"Kidney Chromophobe","Primary Tumor"
"2459",0.676470588235294,0.0233029381965552,0.216453330063919,"Kidney Chromophobe","Primary Tumor"
"2460",0.676470588235294,0.0233265720081136,0.216618717310049,"Kidney Chromophobe","Primary Tumor"
"2461",0.676470588235294,0.0233502538071066,0.216935993983243,"Kidney Chromophobe","Primary Tumor"
"2462",0.676470588235294,0.0233739837398374,0.217123665242791,"Kidney Chromophobe","Primary Tumor"
"2463",0.676470588235294,0.0233977619532045,0.217141690711521,"Kidney Chromophobe","Primary Tumor"
"2464",0.676470588235294,0.0234215885947047,0.217260920217685,"Kidney Chromophobe","Primary Tumor"
"2465",0.676470588235294,0.0234454638124363,0.217455376148262,"Kidney Chromophobe","Primary Tumor"
"2466",0.676470588235294,0.023469387755102,0.217470481940687,"Kidney Chromophobe","Primary Tumor"
"2467",0.676470588235294,0.0234933605720123,0.218229170451919,"Kidney Chromophobe","Primary Tumor"
"2468",0.676470588235294,0.0235173824130879,0.218666240339951,"Kidney Chromophobe","Primary Tumor"
"2469",0.676470588235294,0.0235414534288639,0.218740830850071,"Kidney Chromophobe","Primary Tumor"
"2470",0.676470588235294,0.0235655737704918,0.218741779164447,"Kidney Chromophobe","Primary Tumor"
"2471",0.676470588235294,0.0235897435897436,0.218896370521917,"Kidney Chromophobe","Primary Tumor"
"2472",0.676470588235294,0.0236139630390144,0.218920362668386,"Kidney Chromophobe","Primary Tumor"
"2473",0.676470588235294,0.0236382322713258,0.219253245149414,"Kidney Chromophobe","Primary Tumor"
"2474",0.676470588235294,0.0236625514403292,0.219280815128871,"Kidney Chromophobe","Primary Tumor"
"2475",0.676470588235294,0.023686920700309,0.219770800002858,"Kidney Chromophobe","Primary Tumor"
"2476",0.676470588235294,0.0237113402061856,0.219977988453331,"Kidney Chromophobe","Primary Tumor"
"2477",0.676470588235294,0.0237358101135191,0.220003374616744,"Kidney Chromophobe","Primary Tumor"
"2478",0.647058823529412,0.0227272727272727,0.220555847027027,"Kidney Chromophobe","Primary Tumor"
"2479",0.647058823529412,0.0227507755946225,0.22135678538749,"Kidney Chromophobe","Primary Tumor"
"2480",0.647058823529412,0.0227743271221532,0.221382382891725,"Kidney Chromophobe","Primary Tumor"
"2481",0.647058823529412,0.0227979274611399,0.22190181071809,"Kidney Chromophobe","Primary Tumor"
"2482",0.647058823529412,0.0228215767634855,0.222098071848881,"Kidney Chromophobe","Primary Tumor"
"2483",0.617647058823529,0.0218068535825545,0.222124462962096,"Kidney Chromophobe","Primary Tumor"
"2484",0.617647058823529,0.0218295218295218,0.222349576068467,"Kidney Chromophobe","Primary Tumor"
"2485",0.617647058823529,0.0218522372528616,0.222458813785567,"Kidney Chromophobe","Primary Tumor"
"2486",0.617647058823529,0.021875,0.222828057918931,"Kidney Chromophobe","Primary Tumor"
"2487",0.617647058823529,0.0218978102189781,0.22297664187696,"Kidney Chromophobe","Primary Tumor"
"2488",0.617647058823529,0.0219206680584551,0.223114833178222,"Kidney Chromophobe","Primary Tumor"
"2489",0.617647058823529,0.0219435736677116,0.22321223640951,"Kidney Chromophobe","Primary Tumor"
"2490",0.617647058823529,0.0219665271966527,0.22335827430431,"Kidney Chromophobe","Primary Tumor"
"2491",0.617647058823529,0.0219895287958115,0.223391826308511,"Kidney Chromophobe","Primary Tumor"
"2492",0.617647058823529,0.0220125786163522,0.223701001085769,"Kidney Chromophobe","Primary Tumor"
"2493",0.617647058823529,0.0220356768100735,0.224002660161279,"Kidney Chromophobe","Primary Tumor"
"2494",0.617647058823529,0.0220588235294118,0.224019514528816,"Kidney Chromophobe","Primary Tumor"
"2495",0.617647058823529,0.0220820189274448,0.224277471983309,"Kidney Chromophobe","Primary Tumor"
"2496",0.617647058823529,0.0221052631578947,0.224283242260943,"Kidney Chromophobe","Primary Tumor"
"2497",0.617647058823529,0.0221285563751317,0.224321299087307,"Kidney Chromophobe","Primary Tumor"
"2498",0.617647058823529,0.0221518987341772,0.224535956523229,"Kidney Chromophobe","Primary Tumor"
"2499",0.617647058823529,0.0221752903907075,0.224649171763861,"Kidney Chromophobe","Primary Tumor"
"2500",0.617647058823529,0.0221987315010571,0.224705536816829,"Kidney Chromophobe","Primary Tumor"
"2501",0.617647058823529,0.0222222222222222,0.224868064227362,"Kidney Chromophobe","Primary Tumor"
"2502",0.617647058823529,0.0222457627118644,0.224891376103953,"Kidney Chromophobe","Primary Tumor"
"2503",0.617647058823529,0.0222693531283139,0.224912985940447,"Kidney Chromophobe","Primary Tumor"
"2504",0.617647058823529,0.0222929936305732,0.224928891628424,"Kidney Chromophobe","Primary Tumor"
"2505",0.588235294117647,0.0212539851222104,0.225167877831746,"Kidney Chromophobe","Primary Tumor"
"2506",0.588235294117647,0.0212765957446809,0.225413702553618,"Kidney Chromophobe","Primary Tumor"
"2507",0.588235294117647,0.0212992545260916,0.225491837392368,"Kidney Chromophobe","Primary Tumor"
"2508",0.588235294117647,0.0213219616204691,0.225602487632517,"Kidney Chromophobe","Primary Tumor"
"2509",0.588235294117647,0.0213447171824973,0.225617944320344,"Kidney Chromophobe","Primary Tumor"
"2510",0.588235294117647,0.0213675213675214,0.225786398998879,"Kidney Chromophobe","Primary Tumor"
"2511",0.588235294117647,0.0213903743315508,0.225867706448915,"Kidney Chromophobe","Primary Tumor"
"2512",0.588235294117647,0.0214132762312634,0.226439817509397,"Kidney Chromophobe","Primary Tumor"
"2513",0.588235294117647,0.0214362272240086,0.2266309425108,"Kidney Chromophobe","Primary Tumor"
"2514",0.588235294117647,0.0214592274678112,0.226662557814846,"Kidney Chromophobe","Primary Tumor"
"2515",0.588235294117647,0.0214822771213749,0.226817971306871,"Kidney Chromophobe","Primary Tumor"
"2516",0.588235294117647,0.021505376344086,0.227101076169675,"Kidney Chromophobe","Primary Tumor"
"2517",0.588235294117647,0.0215285252960172,0.227221560978492,"Kidney Chromophobe","Primary Tumor"
"2518",0.588235294117647,0.021551724137931,0.227261885495018,"Kidney Chromophobe","Primary Tumor"
"2519",0.588235294117647,0.0215749730312837,0.228020277506748,"Kidney Chromophobe","Primary Tumor"
"2520",0.588235294117647,0.0215982721382289,0.228051744500645,"Kidney Chromophobe","Primary Tumor"
"2521",0.588235294117647,0.0216216216216216,0.228204962083508,"Kidney Chromophobe","Primary Tumor"
"2522",0.588235294117647,0.0216450216450216,0.228341115609798,"Kidney Chromophobe","Primary Tumor"
"2523",0.588235294117647,0.0216684723726977,0.22862903984598,"Kidney Chromophobe","Primary Tumor"
"2524",0.588235294117647,0.0216919739696312,0.228735025683755,"Kidney Chromophobe","Primary Tumor"
"2525",0.588235294117647,0.0217155266015201,0.228870073175745,"Kidney Chromophobe","Primary Tumor"
"2526",0.588235294117647,0.0217391304347826,0.229252216758248,"Kidney Chromophobe","Primary Tumor"
"2527",0.588235294117647,0.0217627856365615,0.22933355232189,"Kidney Chromophobe","Primary Tumor"
"2528",0.588235294117647,0.0217864923747277,0.22980774919576,"Kidney Chromophobe","Primary Tumor"
"2529",0.588235294117647,0.0218102508178844,0.229914653892643,"Kidney Chromophobe","Primary Tumor"
"2530",0.588235294117647,0.0218340611353712,0.230008317014868,"Kidney Chromophobe","Primary Tumor"
"2531",0.588235294117647,0.0218579234972678,0.2302907941408,"Kidney Chromophobe","Primary Tumor"
"2532",0.588235294117647,0.0218818380743982,0.230379283097164,"Kidney Chromophobe","Primary Tumor"
"2533",0.588235294117647,0.0219058050383352,0.23039888000891,"Kidney Chromophobe","Primary Tumor"
"2534",0.588235294117647,0.0219298245614035,0.230443472074723,"Kidney Chromophobe","Primary Tumor"
"2535",0.588235294117647,0.021953896816685,0.230707413440168,"Kidney Chromophobe","Primary Tumor"
"2536",0.588235294117647,0.021978021978022,0.230911656874231,"Kidney Chromophobe","Primary Tumor"
"2537",0.588235294117647,0.022002200220022,0.231031409587063,"Kidney Chromophobe","Primary Tumor"
"2538",0.588235294117647,0.0220264317180617,0.231559148528893,"Kidney Chromophobe","Primary Tumor"
"2539",0.588235294117647,0.0220507166482911,0.231641829887846,"Kidney Chromophobe","Primary Tumor"
"2540",0.588235294117647,0.022075055187638,0.23236660625887,"Kidney Chromophobe","Primary Tumor"
"2541",0.588235294117647,0.0220994475138122,0.233248169261519,"Kidney Chromophobe","Primary Tumor"
"2542",0.588235294117647,0.0221238938053097,0.233401362093229,"Kidney Chromophobe","Primary Tumor"
"2543",0.588235294117647,0.0221483942414175,0.23370098913598,"Kidney Chromophobe","Primary Tumor"
"2544",0.588235294117647,0.0221729490022173,0.234256475081162,"Kidney Chromophobe","Primary Tumor"
"2545",0.588235294117647,0.0221975582685905,0.234895730037819,"Kidney Chromophobe","Primary Tumor"
"2546",0.588235294117647,0.0222222222222222,0.234988619608895,"Kidney Chromophobe","Primary Tumor"
"2547",0.588235294117647,0.0222469410456062,0.235011734189773,"Kidney Chromophobe","Primary Tumor"
"2548",0.588235294117647,0.022271714922049,0.235125912539357,"Kidney Chromophobe","Primary Tumor"
"2549",0.588235294117647,0.0222965440356745,0.235192604169257,"Kidney Chromophobe","Primary Tumor"
"2550",0.588235294117647,0.0223214285714286,0.235274040444927,"Kidney Chromophobe","Primary Tumor"
"2551",0.588235294117647,0.0223463687150838,0.235681239644279,"Kidney Chromophobe","Primary Tumor"
"2552",0.588235294117647,0.0223713646532438,0.235748512582561,"Kidney Chromophobe","Primary Tumor"
"2553",0.588235294117647,0.0223964165733483,0.236140367763981,"Kidney Chromophobe","Primary Tumor"
"2554",0.588235294117647,0.0224215246636771,0.236204184269167,"Kidney Chromophobe","Primary Tumor"
"2555",0.588235294117647,0.0224466891133558,0.236254737044147,"Kidney Chromophobe","Primary Tumor"
"2556",0.588235294117647,0.0224719101123595,0.236564662985328,"Kidney Chromophobe","Primary Tumor"
"2557",0.588235294117647,0.0224971878515186,0.236622122041353,"Kidney Chromophobe","Primary Tumor"
"2558",0.588235294117647,0.0225225225225225,0.237114639142409,"Kidney Chromophobe","Primary Tumor"
"2559",0.588235294117647,0.0225479143179256,0.237159896447508,"Kidney Chromophobe","Primary Tumor"
"2560",0.588235294117647,0.0225733634311512,0.237658379661146,"Kidney Chromophobe","Primary Tumor"
"2561",0.588235294117647,0.0225988700564972,0.237927755614356,"Kidney Chromophobe","Primary Tumor"
"2562",0.588235294117647,0.0226244343891403,0.237937350047455,"Kidney Chromophobe","Primary Tumor"
"2563",0.588235294117647,0.0226500566251416,0.237946275698975,"Kidney Chromophobe","Primary Tumor"
"2564",0.588235294117647,0.0226757369614512,0.23803122852765,"Kidney Chromophobe","Primary Tumor"
"2565",0.588235294117647,0.0227014755959137,0.23817653606396,"Kidney Chromophobe","Primary Tumor"
"2566",0.588235294117647,0.0227272727272727,0.238769740538717,"Kidney Chromophobe","Primary Tumor"
"2567",0.588235294117647,0.0227531285551763,0.239083425862425,"Kidney Chromophobe","Primary Tumor"
"2568",0.588235294117647,0.0227790432801822,0.239399851598703,"Kidney Chromophobe","Primary Tumor"
"2569",0.588235294117647,0.0228050171037628,0.239732180434425,"Kidney Chromophobe","Primary Tumor"
"2570",0.588235294117647,0.0228310502283105,0.240353265918756,"Kidney Chromophobe","Primary Tumor"
"2571",0.588235294117647,0.0228571428571429,0.240805006670308,"Kidney Chromophobe","Primary Tumor"
"2572",0.588235294117647,0.022883295194508,0.241477460613789,"Kidney Chromophobe","Primary Tumor"
"2573",0.588235294117647,0.0229095074455899,0.241497140324101,"Kidney Chromophobe","Primary Tumor"
"2574",0.588235294117647,0.0229357798165138,0.241548301914525,"Kidney Chromophobe","Primary Tumor"
"2575",0.588235294117647,0.0229621125143513,0.24164094314877,"Kidney Chromophobe","Primary Tumor"
"2576",0.588235294117647,0.0229885057471264,0.241950473311098,"Kidney Chromophobe","Primary Tumor"
"2577",0.588235294117647,0.0230149597238205,0.243592471822171,"Kidney Chromophobe","Primary Tumor"
"2578",0.588235294117647,0.0230414746543779,0.243655919316745,"Kidney Chromophobe","Primary Tumor"
"2579",0.588235294117647,0.0230680507497117,0.243677029377571,"Kidney Chromophobe","Primary Tumor"
"2580",0.588235294117647,0.023094688221709,0.244451649714256,"Kidney Chromophobe","Primary Tumor"
"2581",0.588235294117647,0.023121387283237,0.245402364856176,"Kidney Chromophobe","Primary Tumor"
"2582",0.588235294117647,0.0231481481481481,0.245477781821023,"Kidney Chromophobe","Primary Tumor"
"2583",0.588235294117647,0.0231749710312862,0.245799580148143,"Kidney Chromophobe","Primary Tumor"
"2584",0.588235294117647,0.0232018561484919,0.245874506496932,"Kidney Chromophobe","Primary Tumor"
"2585",0.588235294117647,0.0232288037166086,0.245957093555832,"Kidney Chromophobe","Primary Tumor"
"2586",0.588235294117647,0.0232558139534884,0.245997325803272,"Kidney Chromophobe","Primary Tumor"
"2587",0.588235294117647,0.0232828870779977,0.246696524415748,"Kidney Chromophobe","Primary Tumor"
"2588",0.588235294117647,0.0233100233100233,0.246957166326286,"Kidney Chromophobe","Primary Tumor"
"2589",0.588235294117647,0.0233372228704784,0.247204332845158,"Kidney Chromophobe","Primary Tumor"
"2590",0.588235294117647,0.0233644859813084,0.247343861079772,"Kidney Chromophobe","Primary Tumor"
"2591",0.588235294117647,0.0233918128654971,0.24753852021042,"Kidney Chromophobe","Primary Tumor"
"2592",0.588235294117647,0.0234192037470726,0.247812293903843,"Kidney Chromophobe","Primary Tumor"
"2593",0.588235294117647,0.0234466588511137,0.247842298171721,"Kidney Chromophobe","Primary Tumor"
"2594",0.588235294117647,0.0234741784037559,0.248054894856401,"Kidney Chromophobe","Primary Tumor"
"2595",0.588235294117647,0.0235017626321974,0.248340611050441,"Kidney Chromophobe","Primary Tumor"
"2596",0.588235294117647,0.0235294117647059,0.248429674610085,"Kidney Chromophobe","Primary Tumor"
"2597",0.588235294117647,0.0235571260306243,0.248500846864544,"Kidney Chromophobe","Primary Tumor"
"2598",0.588235294117647,0.0235849056603774,0.249105657204189,"Kidney Chromophobe","Primary Tumor"
"2599",0.588235294117647,0.0236127508854782,0.250178266883068,"Kidney Chromophobe","Primary Tumor"
"2600",0.588235294117647,0.0236406619385343,0.250223324411714,"Kidney Chromophobe","Primary Tumor"
"2601",0.588235294117647,0.0236686390532544,0.250325331612027,"Kidney Chromophobe","Primary Tumor"
"2602",0.588235294117647,0.023696682464455,0.250717421443333,"Kidney Chromophobe","Primary Tumor"
"2603",0.588235294117647,0.0237247924080664,0.251164335106786,"Kidney Chromophobe","Primary Tumor"
"2604",0.588235294117647,0.0237529691211401,0.251551983385013,"Kidney Chromophobe","Primary Tumor"
"2605",0.588235294117647,0.0237812128418549,0.25274724186815,"Kidney Chromophobe","Primary Tumor"
"2606",0.588235294117647,0.0238095238095238,0.253006248729826,"Kidney Chromophobe","Primary Tumor"
"2607",0.588235294117647,0.0238379022646007,0.253367100800012,"Kidney Chromophobe","Primary Tumor"
"2608",0.588235294117647,0.0238663484486874,0.253421498976999,"Kidney Chromophobe","Primary Tumor"
"2609",0.588235294117647,0.02389486260454,0.253608275281264,"Kidney Chromophobe","Primary Tumor"
"2610",0.588235294117647,0.0239234449760766,0.25364480073299,"Kidney Chromophobe","Primary Tumor"
"2611",0.588235294117647,0.0239520958083832,0.253793005817759,"Kidney Chromophobe","Primary Tumor"
"2612",0.588235294117647,0.0239808153477218,0.253944408290029,"Kidney Chromophobe","Primary Tumor"
"2613",0.588235294117647,0.0240096038415366,0.253972419620331,"Kidney Chromophobe","Primary Tumor"
"2614",0.588235294117647,0.0240384615384615,0.254018488085131,"Kidney Chromophobe","Primary Tumor"
"2615",0.588235294117647,0.0240673886883273,0.254055310163042,"Kidney Chromophobe","Primary Tumor"
"2616",0.588235294117647,0.0240963855421687,0.254874951293747,"Kidney Chromophobe","Primary Tumor"
"2617",0.588235294117647,0.0241254523522316,0.255372645427633,"Kidney Chromophobe","Primary Tumor"
"2618",0.588235294117647,0.0241545893719807,0.255508828265323,"Kidney Chromophobe","Primary Tumor"
"2619",0.588235294117647,0.0241837968561064,0.255654753897808,"Kidney Chromophobe","Primary Tumor"
"2620",0.588235294117647,0.0242130750605327,0.255933625820323,"Kidney Chromophobe","Primary Tumor"
"2621",0.558823529411765,0.023030303030303,0.256036409074333,"Kidney Chromophobe","Primary Tumor"
"2622",0.558823529411765,0.0230582524271845,0.256169538024486,"Kidney Chromophobe","Primary Tumor"
"2623",0.558823529411765,0.023086269744836,0.256241839952967,"Kidney Chromophobe","Primary Tumor"
"2624",0.558823529411765,0.0231143552311436,0.25630219346674,"Kidney Chromophobe","Primary Tumor"
"2625",0.558823529411765,0.023142509135201,0.256552783974735,"Kidney Chromophobe","Primary Tumor"
"2626",0.558823529411765,0.0231707317073171,0.256580248113265,"Kidney Chromophobe","Primary Tumor"
"2627",0.558823529411765,0.0231990231990232,0.257041585448314,"Kidney Chromophobe","Primary Tumor"
"2628",0.558823529411765,0.0232273838630807,0.257493011429416,"Kidney Chromophobe","Primary Tumor"
"2629",0.558823529411765,0.0232558139534884,0.257528344822089,"Kidney Chromophobe","Primary Tumor"
"2630",0.558823529411765,0.0232843137254902,0.25753281466051,"Kidney Chromophobe","Primary Tumor"
"2631",0.558823529411765,0.0233128834355828,0.258202215776185,"Kidney Chromophobe","Primary Tumor"
"2632",0.558823529411765,0.0233415233415233,0.258757483727743,"Kidney Chromophobe","Primary Tumor"
"2633",0.558823529411765,0.023370233702337,0.259074471136937,"Kidney Chromophobe","Primary Tumor"
"2634",0.558823529411765,0.0233990147783251,0.259275530390893,"Kidney Chromophobe","Primary Tumor"
"2635",0.558823529411765,0.0234278668310728,0.259333636839504,"Kidney Chromophobe","Primary Tumor"
"2636",0.558823529411765,0.0234567901234568,0.25975747251238,"Kidney Chromophobe","Primary Tumor"
"2637",0.558823529411765,0.0234857849196539,0.259894506738846,"Kidney Chromophobe","Primary Tumor"
"2638",0.558823529411765,0.0235148514851485,0.260161841497957,"Kidney Chromophobe","Primary Tumor"
"2639",0.558823529411765,0.023543990086741,0.260857832295032,"Kidney Chromophobe","Primary Tumor"
"2640",0.558823529411765,0.0235732009925558,0.260883179427028,"Kidney Chromophobe","Primary Tumor"
"2641",0.558823529411765,0.0236024844720497,0.260960995397238,"Kidney Chromophobe","Primary Tumor"
"2642",0.558823529411765,0.0236318407960199,0.260996260170747,"Kidney Chromophobe","Primary Tumor"
"2643",0.558823529411765,0.0236612702366127,0.261418667593942,"Kidney Chromophobe","Primary Tumor"
"2644",0.558823529411765,0.0236907730673317,0.261508942408812,"Kidney Chromophobe","Primary Tumor"
"2645",0.558823529411765,0.0237203495630462,0.261583163744786,"Kidney Chromophobe","Primary Tumor"
"2646",0.558823529411765,0.02375,0.261597351313262,"Kidney Chromophobe","Primary Tumor"
"2647",0.558823529411765,0.0237797246558198,0.261666204557739,"Kidney Chromophobe","Primary Tumor"
"2648",0.558823529411765,0.0238095238095238,0.261823874841951,"Kidney Chromophobe","Primary Tumor"
"2649",0.558823529411765,0.0238393977415307,0.262750399811604,"Kidney Chromophobe","Primary Tumor"
"2650",0.558823529411765,0.0238693467336683,0.262925754983532,"Kidney Chromophobe","Primary Tumor"
"2651",0.558823529411765,0.0238993710691824,0.263058345902853,"Kidney Chromophobe","Primary Tumor"
"2652",0.558823529411765,0.0239294710327456,0.263186563350914,"Kidney Chromophobe","Primary Tumor"
"2653",0.558823529411765,0.0239596469104666,0.263345290637154,"Kidney Chromophobe","Primary Tumor"
"2654",0.558823529411765,0.023989898989899,0.263369546520136,"Kidney Chromophobe","Primary Tumor"
"2655",0.558823529411765,0.0240202275600506,0.26344328765911,"Kidney Chromophobe","Primary Tumor"
"2656",0.558823529411765,0.0240506329113924,0.263579063901486,"Kidney Chromophobe","Primary Tumor"
"2657",0.558823529411765,0.0240811153358682,0.263683199575081,"Kidney Chromophobe","Primary Tumor"
"2658",0.558823529411765,0.0241116751269036,0.263694278515347,"Kidney Chromophobe","Primary Tumor"
"2659",0.558823529411765,0.0241423125794155,0.264377095489512,"Kidney Chromophobe","Primary Tumor"
"2660",0.558823529411765,0.0241730279898219,0.264510743211031,"Kidney Chromophobe","Primary Tumor"
"2661",0.558823529411765,0.024203821656051,0.264572202890496,"Kidney Chromophobe","Primary Tumor"
"2662",0.558823529411765,0.024234693877551,0.264627777271974,"Kidney Chromophobe","Primary Tumor"
"2663",0.558823529411765,0.0242656449553001,0.264806784558237,"Kidney Chromophobe","Primary Tumor"
"2664",0.558823529411765,0.0242966751918159,0.265164825171286,"Kidney Chromophobe","Primary Tumor"
"2665",0.558823529411765,0.0243277848911652,0.265414383869809,"Kidney Chromophobe","Primary Tumor"
"2666",0.558823529411765,0.0243589743589744,0.265466636277303,"Kidney Chromophobe","Primary Tumor"
"2667",0.558823529411765,0.024390243902439,0.265510241126549,"Kidney Chromophobe","Primary Tumor"
"2668",0.558823529411765,0.0244215938303342,0.266268054927698,"Kidney Chromophobe","Primary Tumor"
"2669",0.558823529411765,0.0244530244530245,0.266408301393974,"Kidney Chromophobe","Primary Tumor"
"2670",0.558823529411765,0.0244845360824742,0.266515814305246,"Kidney Chromophobe","Primary Tumor"
"2671",0.558823529411765,0.0245161290322581,0.266766049541169,"Kidney Chromophobe","Primary Tumor"
"2672",0.558823529411765,0.0245478036175711,0.266821462193139,"Kidney Chromophobe","Primary Tumor"
"2673",0.558823529411765,0.0245795601552393,0.266999497043251,"Kidney Chromophobe","Primary Tumor"
"2674",0.558823529411765,0.0246113989637306,0.267073243220317,"Kidney Chromophobe","Primary Tumor"
"2675",0.558823529411765,0.0246433203631647,0.26713811003425,"Kidney Chromophobe","Primary Tumor"
"2676",0.558823529411765,0.0246753246753247,0.267263534191431,"Kidney Chromophobe","Primary Tumor"
"2677",0.558823529411765,0.0247074122236671,0.267310045673171,"Kidney Chromophobe","Primary Tumor"
"2678",0.558823529411765,0.0247395833333333,0.267310057964334,"Kidney Chromophobe","Primary Tumor"
"2679",0.558823529411765,0.0247718383311604,0.267557375126105,"Kidney Chromophobe","Primary Tumor"
"2680",0.558823529411765,0.0248041775456919,0.268374922210036,"Kidney Chromophobe","Primary Tumor"
"2681",0.558823529411765,0.0248366013071895,0.268387275353757,"Kidney Chromophobe","Primary Tumor"
"2682",0.558823529411765,0.024869109947644,0.268561401786551,"Kidney Chromophobe","Primary Tumor"
"2683",0.558823529411765,0.0249017038007864,0.26906966762939,"Kidney Chromophobe","Primary Tumor"
"2684",0.558823529411765,0.0249343832020997,0.26947599922582,"Kidney Chromophobe","Primary Tumor"
"2685",0.558823529411765,0.0249671484888305,0.26963383742301,"Kidney Chromophobe","Primary Tumor"
"2686",0.558823529411765,0.025,0.269651580257179,"Kidney Chromophobe","Primary Tumor"
"2687",0.558823529411765,0.0250329380764163,0.26969353182577,"Kidney Chromophobe","Primary Tumor"
"2688",0.558823529411765,0.025065963060686,0.269839961779249,"Kidney Chromophobe","Primary Tumor"
"2689",0.558823529411765,0.0250990752972259,0.270145333981583,"Kidney Chromophobe","Primary Tumor"
"2690",0.558823529411765,0.0251322751322751,0.270504886966413,"Kidney Chromophobe","Primary Tumor"
"2691",0.558823529411765,0.0251655629139073,0.270509456666485,"Kidney Chromophobe","Primary Tumor"
"2692",0.558823529411765,0.0251989389920424,0.270989915968913,"Kidney Chromophobe","Primary Tumor"
"2693",0.558823529411765,0.0252324037184595,0.271126264222095,"Kidney Chromophobe","Primary Tumor"
"2694",0.558823529411765,0.0252659574468085,0.271210510938493,"Kidney Chromophobe","Primary Tumor"
"2695",0.558823529411765,0.0252996005326232,0.271238466408603,"Kidney Chromophobe","Primary Tumor"
"2696",0.558823529411765,0.0253333333333333,0.271251557983134,"Kidney Chromophobe","Primary Tumor"
"2697",0.558823529411765,0.0253671562082777,0.271341901795447,"Kidney Chromophobe","Primary Tumor"
"2698",0.558823529411765,0.0254350736278447,0.271701447894119,"Kidney Chromophobe","Primary Tumor"
"2699",0.558823529411765,0.0254691689008043,0.271801088008754,"Kidney Chromophobe","Primary Tumor"
"2700",0.529411764705882,0.0241610738255034,0.271914260902465,"Kidney Chromophobe","Primary Tumor"
"2701",0.529411764705882,0.0241935483870968,0.271961272599838,"Kidney Chromophobe","Primary Tumor"
"2702",0.529411764705882,0.0242261103633917,0.272546526175651,"Kidney Chromophobe","Primary Tumor"
"2703",0.529411764705882,0.0242587601078167,0.273167218807065,"Kidney Chromophobe","Primary Tumor"
"2704",0.529411764705882,0.0242914979757085,0.273799200213218,"Kidney Chromophobe","Primary Tumor"
"2705",0.529411764705882,0.0243243243243243,0.274147372488669,"Kidney Chromophobe","Primary Tumor"
"2706",0.529411764705882,0.0243572395128552,0.274602511462029,"Kidney Chromophobe","Primary Tumor"
"2707",0.529411764705882,0.024390243902439,0.274957585778389,"Kidney Chromophobe","Primary Tumor"
"2708",0.529411764705882,0.0244233378561737,0.275236792840525,"Kidney Chromophobe","Primary Tumor"
"2709",0.529411764705882,0.0244565217391304,0.276328596043345,"Kidney Chromophobe","Primary Tumor"
"2710",0.529411764705882,0.0244897959183673,0.276863281430418,"Kidney Chromophobe","Primary Tumor"
"2711",0.529411764705882,0.0245231607629428,0.276900666693781,"Kidney Chromophobe","Primary Tumor"
"2712",0.529411764705882,0.0245566166439291,0.276994308117963,"Kidney Chromophobe","Primary Tumor"
"2713",0.529411764705882,0.0245901639344262,0.277558207509035,"Kidney Chromophobe","Primary Tumor"
"2714",0.529411764705882,0.0246238030095759,0.277928644935961,"Kidney Chromophobe","Primary Tumor"
"2715",0.529411764705882,0.0246575342465753,0.278098248083555,"Kidney Chromophobe","Primary Tumor"
"2716",0.529411764705882,0.0246913580246914,0.278274612923648,"Kidney Chromophobe","Primary Tumor"
"2717",0.529411764705882,0.0247252747252747,0.278523407562446,"Kidney Chromophobe","Primary Tumor"
"2718",0.529411764705882,0.0247592847317744,0.279186886381439,"Kidney Chromophobe","Primary Tumor"
"2719",0.529411764705882,0.0247933884297521,0.280039452984919,"Kidney Chromophobe","Primary Tumor"
"2720",0.529411764705882,0.0248275862068966,0.28054678076371,"Kidney Chromophobe","Primary Tumor"
"2721",0.529411764705882,0.0248618784530387,0.280767917737847,"Kidney Chromophobe","Primary Tumor"
"2722",0.529411764705882,0.024896265560166,0.280842539778541,"Kidney Chromophobe","Primary Tumor"
"2723",0.529411764705882,0.0249307479224377,0.281211694260245,"Kidney Chromophobe","Primary Tumor"
"2724",0.529411764705882,0.0249653259361997,0.281329887418969,"Kidney Chromophobe","Primary Tumor"
"2725",0.529411764705882,0.025,0.282352337520131,"Kidney Chromophobe","Primary Tumor"
"2726",0.529411764705882,0.0250347705146036,0.282442543433983,"Kidney Chromophobe","Primary Tumor"
"2727",0.529411764705882,0.0250696378830084,0.282806529560394,"Kidney Chromophobe","Primary Tumor"
"2728",0.529411764705882,0.0251046025104603,0.283510538268839,"Kidney Chromophobe","Primary Tumor"
"2729",0.529411764705882,0.0251396648044693,0.283549792443609,"Kidney Chromophobe","Primary Tumor"
"2730",0.529411764705882,0.0251748251748252,0.283721030970216,"Kidney Chromophobe","Primary Tumor"
"2731",0.529411764705882,0.0252100840336134,0.28377676607722,"Kidney Chromophobe","Primary Tumor"
"2732",0.529411764705882,0.0252454417952314,0.283824319749687,"Kidney Chromophobe","Primary Tumor"
"2733",0.529411764705882,0.0252808988764045,0.284064682289119,"Kidney Chromophobe","Primary Tumor"
"2734",0.529411764705882,0.0253164556962025,0.284152103250692,"Kidney Chromophobe","Primary Tumor"
"2735",0.529411764705882,0.0253521126760563,0.284343015599269,"Kidney Chromophobe","Primary Tumor"
"2736",0.529411764705882,0.0253878702397743,0.285289592355042,"Kidney Chromophobe","Primary Tumor"
"2737",0.5,0.0240112994350282,0.28569160088884,"Kidney Chromophobe","Primary Tumor"
"2738",0.5,0.024045261669024,0.28592034103049,"Kidney Chromophobe","Primary Tumor"
"2739",0.5,0.0240793201133144,0.286281645377462,"Kidney Chromophobe","Primary Tumor"
"2740",0.5,0.024113475177305,0.286586595079038,"Kidney Chromophobe","Primary Tumor"
"2741",0.5,0.0241477272727273,0.286888504694026,"Kidney Chromophobe","Primary Tumor"
"2742",0.5,0.0241820768136558,0.286911272136349,"Kidney Chromophobe","Primary Tumor"
"2743",0.5,0.0242165242165242,0.287461747881559,"Kidney Chromophobe","Primary Tumor"
"2744",0.5,0.0242510699001427,0.288184582478304,"Kidney Chromophobe","Primary Tumor"
"2745",0.5,0.0242857142857143,0.289011293212711,"Kidney Chromophobe","Primary Tumor"
"2746",0.5,0.0243204577968526,0.289555364288334,"Kidney Chromophobe","Primary Tumor"
"2747",0.5,0.0243553008595989,0.289843329622397,"Kidney Chromophobe","Primary Tumor"
"2748",0.5,0.024390243902439,0.290557191291817,"Kidney Chromophobe","Primary Tumor"
"2749",0.5,0.0244252873563218,0.290654859590811,"Kidney Chromophobe","Primary Tumor"
"2750",0.5,0.0244604316546763,0.291382074864457,"Kidney Chromophobe","Primary Tumor"
"2751",0.5,0.0244956772334294,0.291735644638368,"Kidney Chromophobe","Primary Tumor"
"2752",0.5,0.0245310245310245,0.292212679108424,"Kidney Chromophobe","Primary Tumor"
"2753",0.5,0.0245664739884393,0.292566048443352,"Kidney Chromophobe","Primary Tumor"
"2754",0.5,0.0246020260492041,0.293091847284837,"Kidney Chromophobe","Primary Tumor"
"2755",0.5,0.0246376811594203,0.294647889132741,"Kidney Chromophobe","Primary Tumor"
"2756",0.5,0.0246734397677794,0.294677312932898,"Kidney Chromophobe","Primary Tumor"
"2757",0.5,0.0247093023255814,0.294748019236761,"Kidney Chromophobe","Primary Tumor"
"2758",0.5,0.024745269286754,0.294803283713067,"Kidney Chromophobe","Primary Tumor"
"2759",0.5,0.0247813411078717,0.294984533689862,"Kidney Chromophobe","Primary Tumor"
"2760",0.5,0.0248175182481752,0.295538079929345,"Kidney Chromophobe","Primary Tumor"
"2761",0.5,0.0248538011695906,0.296237870835409,"Kidney Chromophobe","Primary Tumor"
"2762",0.5,0.0248901903367496,0.296291169061495,"Kidney Chromophobe","Primary Tumor"
"2763",0.5,0.0249266862170088,0.29655399770501,"Kidney Chromophobe","Primary Tumor"
"2764",0.5,0.0249632892804699,0.297276357534864,"Kidney Chromophobe","Primary Tumor"
"2765",0.5,0.025,0.298517541860825,"Kidney Chromophobe","Primary Tumor"
"2766",0.5,0.0250368188512518,0.299134681799815,"Kidney Chromophobe","Primary Tumor"
"2767",0.5,0.0250737463126844,0.299535104809633,"Kidney Chromophobe","Primary Tumor"
"2768",0.5,0.0251107828655835,0.299572011169586,"Kidney Chromophobe","Primary Tumor"
"2769",0.5,0.0251479289940828,0.299687548979097,"Kidney Chromophobe","Primary Tumor"
"2770",0.5,0.0251851851851852,0.299776360562328,"Kidney Chromophobe","Primary Tumor"
"2771",0.5,0.0252225519287834,0.300010203097544,"Kidney Chromophobe","Primary Tumor"
"2772",0.5,0.025260029717682,0.300450799255553,"Kidney Chromophobe","Primary Tumor"
"2773",0.5,0.025297619047619,0.301002541467662,"Kidney Chromophobe","Primary Tumor"
"2774",0.5,0.0253353204172876,0.301134102341451,"Kidney Chromophobe","Primary Tumor"
"2775",0.5,0.0253731343283582,0.301293374031694,"Kidney Chromophobe","Primary Tumor"
"2776",0.5,0.0254110612855007,0.301963400718127,"Kidney Chromophobe","Primary Tumor"
"2777",0.5,0.0254491017964072,0.302488354577333,"Kidney Chromophobe","Primary Tumor"
"2778",0.470588235294118,0.0239880059970015,0.303288181326992,"Kidney Chromophobe","Primary Tumor"
"2779",0.470588235294118,0.024024024024024,0.303569015066059,"Kidney Chromophobe","Primary Tumor"
"2780",0.470588235294118,0.0240601503759399,0.30390480413937,"Kidney Chromophobe","Primary Tumor"
"2781",0.470588235294118,0.0240963855421687,0.304226904140378,"Kidney Chromophobe","Primary Tumor"
"2782",0.470588235294118,0.024132730015083,0.304415721608737,"Kidney Chromophobe","Primary Tumor"
"2783",0.470588235294118,0.0241691842900302,0.304695978842782,"Kidney Chromophobe","Primary Tumor"
"2784",0.470588235294118,0.0242057488653555,0.304752232779891,"Kidney Chromophobe","Primary Tumor"
"2785",0.470588235294118,0.0242424242424242,0.304953624976776,"Kidney Chromophobe","Primary Tumor"
"2786",0.470588235294118,0.0242792109256449,0.305184505928356,"Kidney Chromophobe","Primary Tumor"
"2787",0.470588235294118,0.0243161094224924,0.305594229519903,"Kidney Chromophobe","Primary Tumor"
"2788",0.470588235294118,0.0243531202435312,0.306243538896062,"Kidney Chromophobe","Primary Tumor"
"2789",0.470588235294118,0.024390243902439,0.306336852052362,"Kidney Chromophobe","Primary Tumor"
"2790",0.470588235294118,0.0244274809160305,0.306714854065657,"Kidney Chromophobe","Primary Tumor"
"2791",0.470588235294118,0.0244648318042813,0.306944050203571,"Kidney Chromophobe","Primary Tumor"
"2792",0.470588235294118,0.0245022970903522,0.307865776108899,"Kidney Chromophobe","Primary Tumor"
"2793",0.470588235294118,0.0245398773006135,0.308050448618525,"Kidney Chromophobe","Primary Tumor"
"2794",0.470588235294118,0.0245775729646697,0.308947204362248,"Kidney Chromophobe","Primary Tumor"
"2795",0.470588235294118,0.0246153846153846,0.309258254864772,"Kidney Chromophobe","Primary Tumor"
"2796",0.470588235294118,0.024653312788906,0.309439227590174,"Kidney Chromophobe","Primary Tumor"
"2797",0.470588235294118,0.0246913580246914,0.309811558242234,"Kidney Chromophobe","Primary Tumor"
"2798",0.470588235294118,0.0247295208655332,0.310128657956062,"Kidney Chromophobe","Primary Tumor"
"2799",0.470588235294118,0.0247678018575851,0.310135849454407,"Kidney Chromophobe","Primary Tumor"
"2800",0.470588235294118,0.0248062015503876,0.310281779318399,"Kidney Chromophobe","Primary Tumor"
"2801",0.470588235294118,0.0248447204968944,0.310581398298825,"Kidney Chromophobe","Primary Tumor"
"2802",0.470588235294118,0.0248833592534992,0.310750840478675,"Kidney Chromophobe","Primary Tumor"
"2803",0.470588235294118,0.0249221183800623,0.311054880615053,"Kidney Chromophobe","Primary Tumor"
"2804",0.470588235294118,0.0249609984399376,0.311520294697927,"Kidney Chromophobe","Primary Tumor"
"2805",0.470588235294118,0.025,0.311626312445507,"Kidney Chromophobe","Primary Tumor"
"2806",0.470588235294118,0.0250391236306729,0.311850261432643,"Kidney Chromophobe","Primary Tumor"
"2807",0.470588235294118,0.0250783699059561,0.312181459629823,"Kidney Chromophobe","Primary Tumor"
"2808",0.470588235294118,0.0251177394034537,0.312305393988468,"Kidney Chromophobe","Primary Tumor"
"2809",0.470588235294118,0.0251572327044025,0.312556823887607,"Kidney Chromophobe","Primary Tumor"
"2810",0.470588235294118,0.0251968503937008,0.313433451781089,"Kidney Chromophobe","Primary Tumor"
"2811",0.470588235294118,0.0252365930599369,0.314151607145292,"Kidney Chromophobe","Primary Tumor"
"2812",0.470588235294118,0.0252764612954186,0.314322988838549,"Kidney Chromophobe","Primary Tumor"
"2813",0.470588235294118,0.0253164556962025,0.314564107489123,"Kidney Chromophobe","Primary Tumor"
"2814",0.470588235294118,0.0253565768621236,0.315009548239295,"Kidney Chromophobe","Primary Tumor"
"2815",0.470588235294118,0.0253968253968254,0.315173942668725,"Kidney Chromophobe","Primary Tumor"
"2816",0.470588235294118,0.0254372019077901,0.31529626213778,"Kidney Chromophobe","Primary Tumor"
"2817",0.470588235294118,0.0254777070063694,0.315418872031658,"Kidney Chromophobe","Primary Tumor"
"2818",0.470588235294118,0.025518341307815,0.315485755188369,"Kidney Chromophobe","Primary Tumor"
"2819",0.470588235294118,0.0255591054313099,0.315602145924239,"Kidney Chromophobe","Primary Tumor"
"2820",0.470588235294118,0.0256,0.31599424268809,"Kidney Chromophobe","Primary Tumor"
"2821",0.470588235294118,0.0256410256410256,0.316147823277717,"Kidney Chromophobe","Primary Tumor"
"2822",0.470588235294118,0.0256821829855538,0.316447211973034,"Kidney Chromophobe","Primary Tumor"
"2823",0.470588235294118,0.0257234726688103,0.316491312112772,"Kidney Chromophobe","Primary Tumor"
"2824",0.470588235294118,0.0257648953301127,0.316883143345498,"Kidney Chromophobe","Primary Tumor"
"2825",0.470588235294118,0.0258064516129032,0.317098590646945,"Kidney Chromophobe","Primary Tumor"
"2826",0.470588235294118,0.0258481421647819,0.317210232446483,"Kidney Chromophobe","Primary Tumor"
"2827",0.470588235294118,0.0258899676375405,0.317465546604231,"Kidney Chromophobe","Primary Tumor"
"2828",0.470588235294118,0.0259319286871961,0.318193842121018,"Kidney Chromophobe","Primary Tumor"
"2829",0.470588235294118,0.025974025974026,0.318285452036208,"Kidney Chromophobe","Primary Tumor"
"2830",0.470588235294118,0.0260162601626016,0.318292713464501,"Kidney Chromophobe","Primary Tumor"
"2831",0.470588235294118,0.0260586319218241,0.318538292226392,"Kidney Chromophobe","Primary Tumor"
"2832",0.470588235294118,0.0261011419249592,0.319059842037694,"Kidney Chromophobe","Primary Tumor"
"2833",0.470588235294118,0.0261437908496732,0.31945874351955,"Kidney Chromophobe","Primary Tumor"
"2834",0.470588235294118,0.0261865793780687,0.319673970621211,"Kidney Chromophobe","Primary Tumor"
"2835",0.470588235294118,0.0262295081967213,0.320235330027358,"Kidney Chromophobe","Primary Tumor"
"2836",0.470588235294118,0.0262725779967159,0.321004975627609,"Kidney Chromophobe","Primary Tumor"
"2837",0.470588235294118,0.0263157894736842,0.322084397118762,"Kidney Chromophobe","Primary Tumor"
"2838",0.470588235294118,0.0264026402640264,0.322724330309967,"Kidney Chromophobe","Primary Tumor"
"2839",0.470588235294118,0.0264462809917355,0.322957832955191,"Kidney Chromophobe","Primary Tumor"
"2840",0.470588235294118,0.0264900662251656,0.323243006202411,"Kidney Chromophobe","Primary Tumor"
"2841",0.470588235294118,0.0265339966832504,0.323513949587245,"Kidney Chromophobe","Primary Tumor"
"2842",0.470588235294118,0.026578073089701,0.323742060400903,"Kidney Chromophobe","Primary Tumor"
"2843",0.470588235294118,0.0266222961730449,0.324914709965962,"Kidney Chromophobe","Primary Tumor"
"2844",0.470588235294118,0.0266666666666667,0.325151212226022,"Kidney Chromophobe","Primary Tumor"
"2845",0.470588235294118,0.0267111853088481,0.325231258368265,"Kidney Chromophobe","Primary Tumor"
"2846",0.470588235294118,0.0267558528428094,0.325394950351704,"Kidney Chromophobe","Primary Tumor"
"2847",0.470588235294118,0.0268006700167504,0.325866901447308,"Kidney Chromophobe","Primary Tumor"
"2848",0.470588235294118,0.0268456375838926,0.3259779941805,"Kidney Chromophobe","Primary Tumor"
"2849",0.470588235294118,0.026890756302521,0.326655696024784,"Kidney Chromophobe","Primary Tumor"
"2850",0.470588235294118,0.0269360269360269,0.326760198070448,"Kidney Chromophobe","Primary Tumor"
"2851",0.470588235294118,0.0269814502529511,0.327563627476694,"Kidney Chromophobe","Primary Tumor"
"2852",0.470588235294118,0.027027027027027,0.327634946164634,"Kidney Chromophobe","Primary Tumor"
"2853",0.470588235294118,0.027072758037225,0.328852973932629,"Kidney Chromophobe","Primary Tumor"
"2854",0.470588235294118,0.0271186440677966,0.328968163815856,"Kidney Chromophobe","Primary Tumor"
"2855",0.470588235294118,0.0271646859083192,0.329919468562601,"Kidney Chromophobe","Primary Tumor"
"2856",0.470588235294118,0.0272108843537415,0.330097438884484,"Kidney Chromophobe","Primary Tumor"
"2857",0.470588235294118,0.0272572402044293,0.330421804590741,"Kidney Chromophobe","Primary Tumor"
"2858",0.470588235294118,0.0273037542662116,0.330967917821267,"Kidney Chromophobe","Primary Tumor"
"2859",0.470588235294118,0.0273504273504274,0.331008347420576,"Kidney Chromophobe","Primary Tumor"
"2860",0.470588235294118,0.0273972602739726,0.331090040973395,"Kidney Chromophobe","Primary Tumor"
"2861",0.470588235294118,0.0274442538593482,0.33147960625064,"Kidney Chromophobe","Primary Tumor"
"2862",0.470588235294118,0.0274914089347079,0.331518327636095,"Kidney Chromophobe","Primary Tumor"
"2863",0.470588235294118,0.0275387263339071,0.331543816230847,"Kidney Chromophobe","Primary Tumor"
"2864",0.470588235294118,0.0275862068965517,0.33175242102967,"Kidney Chromophobe","Primary Tumor"
"2865",0.470588235294118,0.0276338514680484,0.331788327267988,"Kidney Chromophobe","Primary Tumor"
"2866",0.470588235294118,0.027681660899654,0.331920792806883,"Kidney Chromophobe","Primary Tumor"
"2867",0.470588235294118,0.0277296360485269,0.331922612167419,"Kidney Chromophobe","Primary Tumor"
"2868",0.470588235294118,0.0277777777777778,0.332270971106732,"Kidney Chromophobe","Primary Tumor"
"2869",0.470588235294118,0.0278260869565217,0.332326945313185,"Kidney Chromophobe","Primary Tumor"
"2870",0.470588235294118,0.0278745644599303,0.332433504831349,"Kidney Chromophobe","Primary Tumor"
"2871",0.470588235294118,0.0279232111692845,0.334461378171874,"Kidney Chromophobe","Primary Tumor"
"2872",0.470588235294118,0.027972027972028,0.335246838598543,"Kidney Chromophobe","Primary Tumor"
"2873",0.470588235294118,0.0280210157618214,0.33558385689292,"Kidney Chromophobe","Primary Tumor"
"2874",0.470588235294118,0.0280701754385965,0.335642625449455,"Kidney Chromophobe","Primary Tumor"
"2875",0.470588235294118,0.0281195079086116,0.336156807409329,"Kidney Chromophobe","Primary Tumor"
"2876",0.470588235294118,0.028169014084507,0.336382647024123,"Kidney Chromophobe","Primary Tumor"
"2877",0.470588235294118,0.0282186948853616,0.337031808332165,"Kidney Chromophobe","Primary Tumor"
"2878",0.470588235294118,0.0282685512367491,0.337249126348722,"Kidney Chromophobe","Primary Tumor"
"2879",0.470588235294118,0.0283185840707965,0.337352204395657,"Kidney Chromophobe","Primary Tumor"
"2880",0.470588235294118,0.0283687943262411,0.33755035224175,"Kidney Chromophobe","Primary Tumor"
"2881",0.470588235294118,0.0284191829484902,0.337834460815673,"Kidney Chromophobe","Primary Tumor"
"2882",0.470588235294118,0.0284697508896797,0.338225374848792,"Kidney Chromophobe","Primary Tumor"
"2883",0.470588235294118,0.0285204991087344,0.338544114567823,"Kidney Chromophobe","Primary Tumor"
"2884",0.470588235294118,0.0285714285714286,0.339391384851345,"Kidney Chromophobe","Primary Tumor"
"2885",0.470588235294118,0.0286225402504472,0.339770455922299,"Kidney Chromophobe","Primary Tumor"
"2886",0.470588235294118,0.028673835125448,0.339807885625356,"Kidney Chromophobe","Primary Tumor"
"2887",0.470588235294118,0.0287253141831239,0.340054764734019,"Kidney Chromophobe","Primary Tumor"
"2888",0.470588235294118,0.0287769784172662,0.340407168841658,"Kidney Chromophobe","Primary Tumor"
"2889",0.470588235294118,0.0288288288288288,0.340771830540464,"Kidney Chromophobe","Primary Tumor"
"2890",0.470588235294118,0.0288808664259928,0.340827204263647,"Kidney Chromophobe","Primary Tumor"
"2891",0.470588235294118,0.0289330922242315,0.341060684254001,"Kidney Chromophobe","Primary Tumor"
"2892",0.470588235294118,0.0289855072463768,0.341484650613622,"Kidney Chromophobe","Primary Tumor"
"2893",0.470588235294118,0.029038112522686,0.341507082889552,"Kidney Chromophobe","Primary Tumor"
"2894",0.470588235294118,0.0290909090909091,0.341737489986489,"Kidney Chromophobe","Primary Tumor"
"2895",0.470588235294118,0.029143897996357,0.341909149814335,"Kidney Chromophobe","Primary Tumor"
"2896",0.470588235294118,0.0291970802919708,0.342477534361686,"Kidney Chromophobe","Primary Tumor"
"2897",0.470588235294118,0.0292504570383912,0.342542390719464,"Kidney Chromophobe","Primary Tumor"
"2898",0.470588235294118,0.0293040293040293,0.343061710215727,"Kidney Chromophobe","Primary Tumor"
"2899",0.470588235294118,0.0293577981651376,0.343427705416286,"Kidney Chromophobe","Primary Tumor"
"2900",0.470588235294118,0.0294117647058824,0.343966184180089,"Kidney Chromophobe","Primary Tumor"
"2901",0.470588235294118,0.0294659300184162,0.344198479632461,"Kidney Chromophobe","Primary Tumor"
"2902",0.470588235294118,0.029520295202952,0.344246804645888,"Kidney Chromophobe","Primary Tumor"
"2903",0.470588235294118,0.0295748613678373,0.34461349505583,"Kidney Chromophobe","Primary Tumor"
"2904",0.470588235294118,0.0296296296296296,0.344786430634762,"Kidney Chromophobe","Primary Tumor"
"2905",0.470588235294118,0.0296846011131725,0.34596164429948,"Kidney Chromophobe","Primary Tumor"
"2906",0.470588235294118,0.0297397769516729,0.34596469422024,"Kidney Chromophobe","Primary Tumor"
"2907",0.470588235294118,0.0297951582867784,0.34699202045928,"Kidney Chromophobe","Primary Tumor"
"2908",0.470588235294118,0.0299065420560748,0.347771347927589,"Kidney Chromophobe","Primary Tumor"
"2909",0.470588235294118,0.0299625468164794,0.348046677597942,"Kidney Chromophobe","Primary Tumor"
"2910",0.470588235294118,0.0300187617260788,0.348275718494694,"Kidney Chromophobe","Primary Tumor"
"2911",0.470588235294118,0.0300751879699248,0.348438655561594,"Kidney Chromophobe","Primary Tumor"
"2912",0.470588235294118,0.0301318267419962,0.348469543703344,"Kidney Chromophobe","Primary Tumor"
"2913",0.470588235294118,0.030188679245283,0.349529049581394,"Kidney Chromophobe","Primary Tumor"
"2914",0.470588235294118,0.0302457466918715,0.349600171049977,"Kidney Chromophobe","Primary Tumor"
"2915",0.470588235294118,0.0303030303030303,0.349906858628783,"Kidney Chromophobe","Primary Tumor"
"2916",0.470588235294118,0.0303605313092979,0.349935631293514,"Kidney Chromophobe","Primary Tumor"
"2917",0.470588235294118,0.0304182509505703,0.350811603110841,"Kidney Chromophobe","Primary Tumor"
"2918",0.470588235294118,0.0304761904761905,0.351562833334052,"Kidney Chromophobe","Primary Tumor"
"2919",0.470588235294118,0.0305343511450382,0.352218727400791,"Kidney Chromophobe","Primary Tumor"
"2920",0.470588235294118,0.0305927342256214,0.352916646837094,"Kidney Chromophobe","Primary Tumor"
"2921",0.470588235294118,0.0306513409961686,0.353695031918001,"Kidney Chromophobe","Primary Tumor"
"2922",0.470588235294118,0.0307101727447217,0.355592668366598,"Kidney Chromophobe","Primary Tumor"
"2923",0.470588235294118,0.0307692307692308,0.355754626492606,"Kidney Chromophobe","Primary Tumor"
"2924",0.470588235294118,0.0308285163776493,0.356093696515702,"Kidney Chromophobe","Primary Tumor"
"2925",0.470588235294118,0.0308880308880309,0.356603683223816,"Kidney Chromophobe","Primary Tumor"
"2926",0.470588235294118,0.0309477756286267,0.356860949383753,"Kidney Chromophobe","Primary Tumor"
"2927",0.470588235294118,0.0310077519379845,0.357174710056509,"Kidney Chromophobe","Primary Tumor"
"2928",0.470588235294118,0.0310679611650485,0.357570326105263,"Kidney Chromophobe","Primary Tumor"
"2929",0.470588235294118,0.0311284046692607,0.357677959700959,"Kidney Chromophobe","Primary Tumor"
"2930",0.470588235294118,0.0311890838206628,0.357815548671118,"Kidney Chromophobe","Primary Tumor"
"2931",0.470588235294118,0.03125,0.357876700236065,"Kidney Chromophobe","Primary Tumor"
"2932",0.470588235294118,0.0313111545988258,0.357949478589819,"Kidney Chromophobe","Primary Tumor"
"2933",0.470588235294118,0.0313725490196078,0.358698716027804,"Kidney Chromophobe","Primary Tumor"
"2934",0.470588235294118,0.031434184675835,0.358717802290845,"Kidney Chromophobe","Primary Tumor"
"2935",0.470588235294118,0.031496062992126,0.359095175311952,"Kidney Chromophobe","Primary Tumor"
"2936",0.470588235294118,0.0315581854043393,0.35910647472993,"Kidney Chromophobe","Primary Tumor"
"2937",0.470588235294118,0.0316205533596838,0.359206027096948,"Kidney Chromophobe","Primary Tumor"
"2938",0.470588235294118,0.0316831683168317,0.359246664615675,"Kidney Chromophobe","Primary Tumor"
"2939",0.470588235294118,0.0317460317460317,0.360118921672153,"Kidney Chromophobe","Primary Tumor"
"2940",0.470588235294118,0.0318091451292246,0.360757493252944,"Kidney Chromophobe","Primary Tumor"
"2941",0.470588235294118,0.0318725099601594,0.360972662750386,"Kidney Chromophobe","Primary Tumor"
"2942",0.470588235294118,0.031936127744511,0.361544509487108,"Kidney Chromophobe","Primary Tumor"
"2943",0.470588235294118,0.032,0.361674125548679,"Kidney Chromophobe","Primary Tumor"
"2944",0.470588235294118,0.032064128256513,0.36190531048403,"Kidney Chromophobe","Primary Tumor"
"2945",0.470588235294118,0.0321285140562249,0.362249671633405,"Kidney Chromophobe","Primary Tumor"
"2946",0.470588235294118,0.032258064516129,0.362535150037025,"Kidney Chromophobe","Primary Tumor"
"2947",0.470588235294118,0.0323232323232323,0.362600477758808,"Kidney Chromophobe","Primary Tumor"
"2948",0.470588235294118,0.0323886639676113,0.362644540201985,"Kidney Chromophobe","Primary Tumor"
"2949",0.470588235294118,0.0324543610547667,0.362872371078668,"Kidney Chromophobe","Primary Tumor"
"2950",0.470588235294118,0.032520325203252,0.363016573827275,"Kidney Chromophobe","Primary Tumor"
"2951",0.470588235294118,0.0325865580448065,0.363717195945249,"Kidney Chromophobe","Primary Tumor"
"2952",0.470588235294118,0.0326530612244898,0.36422707196856,"Kidney Chromophobe","Primary Tumor"
"2953",0.470588235294118,0.032719836400818,0.364403523690418,"Kidney Chromophobe","Primary Tumor"
"2954",0.470588235294118,0.0327868852459016,0.364990011622321,"Kidney Chromophobe","Primary Tumor"
"2955",0.470588235294118,0.0328542094455852,0.365078497477356,"Kidney Chromophobe","Primary Tumor"
"2956",0.470588235294118,0.0329218106995885,0.365130964897425,"Kidney Chromophobe","Primary Tumor"
"2957",0.470588235294118,0.0329896907216495,0.365654327843295,"Kidney Chromophobe","Primary Tumor"
"2958",0.470588235294118,0.0330578512396694,0.365721598811298,"Kidney Chromophobe","Primary Tumor"
"2959",0.470588235294118,0.0331262939958592,0.366398428116423,"Kidney Chromophobe","Primary Tumor"
"2960",0.470588235294118,0.033195020746888,0.366404036371267,"Kidney Chromophobe","Primary Tumor"
"2961",0.470588235294118,0.0332640332640333,0.367367593659184,"Kidney Chromophobe","Primary Tumor"
"2962",0.470588235294118,0.0333333333333333,0.367761583371161,"Kidney Chromophobe","Primary Tumor"
"2963",0.470588235294118,0.0334029227557411,0.368343777979228,"Kidney Chromophobe","Primary Tumor"
"2964",0.470588235294118,0.0334728033472803,0.369146566141756,"Kidney Chromophobe","Primary Tumor"
"2965",0.470588235294118,0.0335429769392034,0.370304848355387,"Kidney Chromophobe","Primary Tumor"
"2966",0.470588235294118,0.0336134453781513,0.370600266920824,"Kidney Chromophobe","Primary Tumor"
"2967",0.470588235294118,0.0336842105263158,0.370797073301318,"Kidney Chromophobe","Primary Tumor"
"2968",0.470588235294118,0.0337552742616034,0.371711704184307,"Kidney Chromophobe","Primary Tumor"
"2969",0.470588235294118,0.0338266384778013,0.371941375838015,"Kidney Chromophobe","Primary Tumor"
"2970",0.470588235294118,0.0338983050847458,0.371960191346761,"Kidney Chromophobe","Primary Tumor"
"2971",0.470588235294118,0.0339702760084926,0.372075403930975,"Kidney Chromophobe","Primary Tumor"
"2972",0.470588235294118,0.0340425531914894,0.372498164805193,"Kidney Chromophobe","Primary Tumor"
"2973",0.470588235294118,0.0341151385927505,0.372593418284379,"Kidney Chromophobe","Primary Tumor"
"2974",0.470588235294118,0.0341880341880342,0.37281167345556,"Kidney Chromophobe","Primary Tumor"
"2975",0.470588235294118,0.0342612419700214,0.373217338925018,"Kidney Chromophobe","Primary Tumor"
"2976",0.470588235294118,0.0343347639484979,0.373316694465891,"Kidney Chromophobe","Primary Tumor"
"2977",0.470588235294118,0.0344086021505376,0.3743693605931,"Kidney Chromophobe","Primary Tumor"
"2978",0.470588235294118,0.0344827586206897,0.37474970174467,"Kidney Chromophobe","Primary Tumor"
"2979",0.470588235294118,0.0345572354211663,0.374812919138899,"Kidney Chromophobe","Primary Tumor"
"2980",0.470588235294118,0.0346320346320346,0.375293525876628,"Kidney Chromophobe","Primary Tumor"
"2981",0.470588235294118,0.03470715835141,0.375704157187507,"Kidney Chromophobe","Primary Tumor"
"2982",0.470588235294118,0.0347826086956522,0.37606415505027,"Kidney Chromophobe","Primary Tumor"
"2983",0.470588235294118,0.0348583877995643,0.377865928294021,"Kidney Chromophobe","Primary Tumor"
"2984",0.470588235294118,0.0349344978165939,0.379027804609658,"Kidney Chromophobe","Primary Tumor"
"2985",0.470588235294118,0.0350109409190372,0.379890644737111,"Kidney Chromophobe","Primary Tumor"
"2986",0.470588235294118,0.0350877192982456,0.379975543280842,"Kidney Chromophobe","Primary Tumor"
"2987",0.470588235294118,0.0351648351648352,0.380644918682613,"Kidney Chromophobe","Primary Tumor"
"2988",0.470588235294118,0.0352422907488987,0.38065300623038,"Kidney Chromophobe","Primary Tumor"
"2989",0.470588235294118,0.0353200883002208,0.380904829936724,"Kidney Chromophobe","Primary Tumor"
"2990",0.470588235294118,0.0353982300884956,0.381073456411898,"Kidney Chromophobe","Primary Tumor"
"2991",0.470588235294118,0.0354767184035477,0.381502645726517,"Kidney Chromophobe","Primary Tumor"
"2992",0.470588235294118,0.0355555555555556,0.381693477674355,"Kidney Chromophobe","Primary Tumor"
"2993",0.470588235294118,0.0356347438752784,0.382045215073729,"Kidney Chromophobe","Primary Tumor"
"2994",0.470588235294118,0.0357142857142857,0.38255850873269,"Kidney Chromophobe","Primary Tumor"
"2995",0.470588235294118,0.0357941834451902,0.38370258482458,"Kidney Chromophobe","Primary Tumor"
"2996",0.470588235294118,0.0358744394618834,0.383998059851551,"Kidney Chromophobe","Primary Tumor"
"2997",0.470588235294118,0.0359550561797753,0.384043268615497,"Kidney Chromophobe","Primary Tumor"
"2998",0.470588235294118,0.036036036036036,0.384212707521785,"Kidney Chromophobe","Primary Tumor"
"2999",0.470588235294118,0.036117381489842,0.384616286875733,"Kidney Chromophobe","Primary Tumor"
"3000",0.470588235294118,0.0361990950226244,0.384652742008458,"Kidney Chromophobe","Primary Tumor"
"3001",0.470588235294118,0.036281179138322,0.384708067660647,"Kidney Chromophobe","Primary Tumor"
"3002",0.470588235294118,0.0363636363636364,0.385063796002306,"Kidney Chromophobe","Primary Tumor"
"3003",0.470588235294118,0.0364464692482916,0.385086698172114,"Kidney Chromophobe","Primary Tumor"
"3004",0.470588235294118,0.0365296803652968,0.385255817125631,"Kidney Chromophobe","Primary Tumor"
"3005",0.470588235294118,0.0366132723112128,0.385288309567667,"Kidney Chromophobe","Primary Tumor"
"3006",0.470588235294118,0.036697247706422,0.385789691631568,"Kidney Chromophobe","Primary Tumor"
"3007",0.470588235294118,0.0367816091954023,0.385925626960622,"Kidney Chromophobe","Primary Tumor"
"3008",0.470588235294118,0.0368663594470046,0.386695639632243,"Kidney Chromophobe","Primary Tumor"
"3009",0.470588235294118,0.0369515011547344,0.386786536802389,"Kidney Chromophobe","Primary Tumor"
"3010",0.470588235294118,0.037037037037037,0.386954712390344,"Kidney Chromophobe","Primary Tumor"
"3011",0.470588235294118,0.037122969837587,0.387648144640155,"Kidney Chromophobe","Primary Tumor"
"3012",0.470588235294118,0.0372093023255814,0.38809458036312,"Kidney Chromophobe","Primary Tumor"
"3013",0.470588235294118,0.0372960372960373,0.38815780974855,"Kidney Chromophobe","Primary Tumor"
"3014",0.470588235294118,0.0373831775700935,0.38853691076992,"Kidney Chromophobe","Primary Tumor"
"3015",0.470588235294118,0.0374707259953162,0.388738206063069,"Kidney Chromophobe","Primary Tumor"
"3016",0.470588235294118,0.0375586854460094,0.388966294970269,"Kidney Chromophobe","Primary Tumor"
"3017",0.470588235294118,0.0376470588235294,0.390027138835956,"Kidney Chromophobe","Primary Tumor"
"3018",0.470588235294118,0.0377358490566038,0.390551539951935,"Kidney Chromophobe","Primary Tumor"
"3019",0.470588235294118,0.0378250591016548,0.390933685552836,"Kidney Chromophobe","Primary Tumor"
"3020",0.470588235294118,0.037914691943128,0.391006339051282,"Kidney Chromophobe","Primary Tumor"
"3021",0.470588235294118,0.0380047505938242,0.391036808838836,"Kidney Chromophobe","Primary Tumor"
"3022",0.470588235294118,0.0380952380952381,0.391085733272207,"Kidney Chromophobe","Primary Tumor"
"3023",0.470588235294118,0.0381861575178998,0.391131868597383,"Kidney Chromophobe","Primary Tumor"
"3024",0.470588235294118,0.0382775119617225,0.391338476815539,"Kidney Chromophobe","Primary Tumor"
"3025",0.470588235294118,0.0383693045563549,0.391861989907643,"Kidney Chromophobe","Primary Tumor"
"3026",0.470588235294118,0.0384615384615385,0.392245500914848,"Kidney Chromophobe","Primary Tumor"
"3027",0.470588235294118,0.0385542168674699,0.392490768011987,"Kidney Chromophobe","Primary Tumor"
"3028",0.470588235294118,0.0386473429951691,0.392581776716417,"Kidney Chromophobe","Primary Tumor"
"3029",0.470588235294118,0.0387409200968523,0.392608492210724,"Kidney Chromophobe","Primary Tumor"
"3030",0.470588235294118,0.0388349514563107,0.393601045137229,"Kidney Chromophobe","Primary Tumor"
"3031",0.470588235294118,0.0389294403892944,0.394167167358989,"Kidney Chromophobe","Primary Tumor"
"3032",0.470588235294118,0.0390243902439024,0.394512130423491,"Kidney Chromophobe","Primary Tumor"
"3033",0.470588235294118,0.039119804400978,0.394819108712167,"Kidney Chromophobe","Primary Tumor"
"3034",0.470588235294118,0.0392156862745098,0.394990126077208,"Kidney Chromophobe","Primary Tumor"
"3035",0.470588235294118,0.0393120393120393,0.395344802082098,"Kidney Chromophobe","Primary Tumor"
"3036",0.470588235294118,0.0394088669950739,0.395408369305885,"Kidney Chromophobe","Primary Tumor"
"3037",0.470588235294118,0.0395061728395062,0.396220398117884,"Kidney Chromophobe","Primary Tumor"
"3038",0.470588235294118,0.0396039603960396,0.396446823301841,"Kidney Chromophobe","Primary Tumor"
"3039",0.470588235294118,0.0397022332506203,0.396709276281599,"Kidney Chromophobe","Primary Tumor"
"3040",0.470588235294118,0.0398009950248756,0.396728791729584,"Kidney Chromophobe","Primary Tumor"
"3041",0.470588235294118,0.0399002493765586,0.397219255162024,"Kidney Chromophobe","Primary Tumor"
"3042",0.470588235294118,0.04,0.397529072276434,"Kidney Chromophobe","Primary Tumor"
"3043",0.470588235294118,0.0401002506265664,0.39766203089308,"Kidney Chromophobe","Primary Tumor"
"3044",0.470588235294118,0.0402010050251256,0.397724201383901,"Kidney Chromophobe","Primary Tumor"
"3045",0.470588235294118,0.0403022670025189,0.39777634081076,"Kidney Chromophobe","Primary Tumor"
"3046",0.470588235294118,0.0404040404040404,0.398022846298162,"Kidney Chromophobe","Primary Tumor"
"3047",0.470588235294118,0.0405063291139241,0.398086649429754,"Kidney Chromophobe","Primary Tumor"
"3048",0.470588235294118,0.0406091370558376,0.398323271650359,"Kidney Chromophobe","Primary Tumor"
"3049",0.470588235294118,0.0407124681933842,0.398449483262379,"Kidney Chromophobe","Primary Tumor"
"3050",0.470588235294118,0.0408163265306122,0.399205117578149,"Kidney Chromophobe","Primary Tumor"
"3051",0.470588235294118,0.040920716112532,0.399309594962401,"Kidney Chromophobe","Primary Tumor"
"3052",0.470588235294118,0.041025641025641,0.399731604270303,"Kidney Chromophobe","Primary Tumor"
"3053",0.470588235294118,0.0411311053984576,0.399975000254664,"Kidney Chromophobe","Primary Tumor"
"3054",0.470588235294118,0.0412371134020619,0.40020671909679,"Kidney Chromophobe","Primary Tumor"
"3055",0.470588235294118,0.041343669250646,0.400510785972203,"Kidney Chromophobe","Primary Tumor"
"3056",0.470588235294118,0.0414507772020725,0.401081075453929,"Kidney Chromophobe","Primary Tumor"
"3057",0.470588235294118,0.0415584415584416,0.401088770640724,"Kidney Chromophobe","Primary Tumor"
"3058",0.470588235294118,0.0416666666666667,0.402022778861423,"Kidney Chromophobe","Primary Tumor"
"3059",0.470588235294118,0.0417754569190601,0.402170917793879,"Kidney Chromophobe","Primary Tumor"
"3060",0.470588235294118,0.0418848167539267,0.402700303413146,"Kidney Chromophobe","Primary Tumor"
"3061",0.470588235294118,0.041994750656168,0.402846496298096,"Kidney Chromophobe","Primary Tumor"
"3062",0.470588235294118,0.0421052631578947,0.403587973268882,"Kidney Chromophobe","Primary Tumor"
"3063",0.470588235294118,0.0422163588390501,0.403737992134991,"Kidney Chromophobe","Primary Tumor"
"3064",0.470588235294118,0.0423280423280423,0.405376349323824,"Kidney Chromophobe","Primary Tumor"
"3065",0.470588235294118,0.0424403183023873,0.406111773606892,"Kidney Chromophobe","Primary Tumor"
"3066",0.470588235294118,0.0425531914893617,0.406113171251584,"Kidney Chromophobe","Primary Tumor"
"3067",0.470588235294118,0.0426666666666667,0.406466574418012,"Kidney Chromophobe","Primary Tumor"
"3068",0.470588235294118,0.0427807486631016,0.407640142475246,"Kidney Chromophobe","Primary Tumor"
"3069",0.470588235294118,0.0428954423592493,0.408150006814284,"Kidney Chromophobe","Primary Tumor"
"3070",0.470588235294118,0.043010752688172,0.408511321314607,"Kidney Chromophobe","Primary Tumor"
"3071",0.470588235294118,0.0431266846361186,0.408914399507169,"Kidney Chromophobe","Primary Tumor"
"3072",0.470588235294118,0.0432432432432432,0.409062098314876,"Kidney Chromophobe","Primary Tumor"
"3073",0.470588235294118,0.043360433604336,0.409066988033189,"Kidney Chromophobe","Primary Tumor"
"3074",0.470588235294118,0.0434782608695652,0.4093106280281,"Kidney Chromophobe","Primary Tumor"
"3075",0.470588235294118,0.0435967302452316,0.410046432341596,"Kidney Chromophobe","Primary Tumor"
"3076",0.470588235294118,0.0437158469945355,0.410643631555059,"Kidney Chromophobe","Primary Tumor"
"3077",0.470588235294118,0.0438356164383562,0.410774636208577,"Kidney Chromophobe","Primary Tumor"
"3078",0.470588235294118,0.043956043956044,0.411420163248399,"Kidney Chromophobe","Primary Tumor"
"3079",0.470588235294118,0.0440771349862259,0.411680261457762,"Kidney Chromophobe","Primary Tumor"
"3080",0.470588235294118,0.0441988950276243,0.412200348683595,"Kidney Chromophobe","Primary Tumor"
"3081",0.470588235294118,0.0443213296398892,0.412286793426411,"Kidney Chromophobe","Primary Tumor"
"3082",0.470588235294118,0.0444444444444444,0.412800525073028,"Kidney Chromophobe","Primary Tumor"
"3083",0.470588235294118,0.0445682451253482,0.414249364193318,"Kidney Chromophobe","Primary Tumor"
"3084",0.470588235294118,0.0446927374301676,0.414446004048233,"Kidney Chromophobe","Primary Tumor"
"3085",0.470588235294118,0.0448179271708683,0.41541592404048,"Kidney Chromophobe","Primary Tumor"
"3086",0.470588235294118,0.0449438202247191,0.415749456700463,"Kidney Chromophobe","Primary Tumor"
"3087",0.470588235294118,0.0450704225352113,0.415841217368763,"Kidney Chromophobe","Primary Tumor"
"3088",0.470588235294118,0.0451977401129944,0.416342144701375,"Kidney Chromophobe","Primary Tumor"
"3089",0.470588235294118,0.0453257790368272,0.41636954303758,"Kidney Chromophobe","Primary Tumor"
"3090",0.470588235294118,0.0454545454545455,0.417286877109619,"Kidney Chromophobe","Primary Tumor"
"3091",0.470588235294118,0.0455840455840456,0.418077667359815,"Kidney Chromophobe","Primary Tumor"
"3092",0.470588235294118,0.0457142857142857,0.418162957824055,"Kidney Chromophobe","Primary Tumor"
"3093",0.470588235294118,0.0458452722063037,0.41828383555494,"Kidney Chromophobe","Primary Tumor"
"3094",0.470588235294118,0.0459770114942529,0.418412245193837,"Kidney Chromophobe","Primary Tumor"
"3095",0.470588235294118,0.0461095100864553,0.418635885150122,"Kidney Chromophobe","Primary Tumor"
"3096",0.470588235294118,0.046242774566474,0.419979976571854,"Kidney Chromophobe","Primary Tumor"
"3097",0.470588235294118,0.0463768115942029,0.420012825909553,"Kidney Chromophobe","Primary Tumor"
"3098",0.470588235294118,0.0465116279069767,0.420448245846973,"Kidney Chromophobe","Primary Tumor"
"3099",0.470588235294118,0.0466472303206997,0.420814339557246,"Kidney Chromophobe","Primary Tumor"
"3100",0.470588235294118,0.0467836257309941,0.421165644634295,"Kidney Chromophobe","Primary Tumor"
"3101",0.470588235294118,0.0469208211143695,0.421996736618484,"Kidney Chromophobe","Primary Tumor"
"3102",0.470588235294118,0.0470588235294118,0.422272390496868,"Kidney Chromophobe","Primary Tumor"
"3103",0.470588235294118,0.0471976401179941,0.422477305462259,"Kidney Chromophobe","Primary Tumor"
"3104",0.470588235294118,0.0473372781065089,0.422586134867056,"Kidney Chromophobe","Primary Tumor"
"3105",0.470588235294118,0.0474777448071217,0.423193831581719,"Kidney Chromophobe","Primary Tumor"
"3106",0.470588235294118,0.0476190476190476,0.423326666059155,"Kidney Chromophobe","Primary Tumor"
"3107",0.470588235294118,0.0477611940298507,0.423813376192132,"Kidney Chromophobe","Primary Tumor"
"3108",0.470588235294118,0.0479041916167665,0.424758427851377,"Kidney Chromophobe","Primary Tumor"
"3109",0.470588235294118,0.048048048048048,0.425427060297389,"Kidney Chromophobe","Primary Tumor"
"3110",0.470588235294118,0.0481927710843374,0.42612723995576,"Kidney Chromophobe","Primary Tumor"
"3111",0.470588235294118,0.0483383685800604,0.426518601847978,"Kidney Chromophobe","Primary Tumor"
"3112",0.470588235294118,0.0484848484848485,0.426856869325498,"Kidney Chromophobe","Primary Tumor"
"3113",0.470588235294118,0.0486322188449848,0.426882926145024,"Kidney Chromophobe","Primary Tumor"
"3114",0.470588235294118,0.0487804878048781,0.42817265100843,"Kidney Chromophobe","Primary Tumor"
"3115",0.470588235294118,0.0489296636085627,0.428175005759018,"Kidney Chromophobe","Primary Tumor"
"3116",0.470588235294118,0.049079754601227,0.429103047547554,"Kidney Chromophobe","Primary Tumor"
"3117",0.470588235294118,0.0492307692307692,0.429502638908187,"Kidney Chromophobe","Primary Tumor"
"3118",0.470588235294118,0.0493827160493827,0.429920784281719,"Kidney Chromophobe","Primary Tumor"
"3119",0.470588235294118,0.0495356037151703,0.430125555939131,"Kidney Chromophobe","Primary Tumor"
"3120",0.470588235294118,0.0496894409937888,0.4301904190288,"Kidney Chromophobe","Primary Tumor"
"3121",0.470588235294118,0.0498442367601246,0.430529639511143,"Kidney Chromophobe","Primary Tumor"
"3122",0.470588235294118,0.05,0.431206232210173,"Kidney Chromophobe","Primary Tumor"
"3123",0.470588235294118,0.0501567398119122,0.431728618918651,"Kidney Chromophobe","Primary Tumor"
"3124",0.470588235294118,0.050314465408805,0.431838969411717,"Kidney Chromophobe","Primary Tumor"
"3125",0.470588235294118,0.0504731861198738,0.432055918973845,"Kidney Chromophobe","Primary Tumor"
"3126",0.470588235294118,0.0506329113924051,0.432205370353572,"Kidney Chromophobe","Primary Tumor"
"3127",0.470588235294118,0.0507936507936508,0.432739549104482,"Kidney Chromophobe","Primary Tumor"
"3128",0.470588235294118,0.0509554140127389,0.433427622071089,"Kidney Chromophobe","Primary Tumor"
"3129",0.470588235294118,0.0511182108626198,0.433464411281754,"Kidney Chromophobe","Primary Tumor"
"3130",0.470588235294118,0.0512820512820513,0.433756922623958,"Kidney Chromophobe","Primary Tumor"
"3131",0.470588235294118,0.0514469453376206,0.433840405375288,"Kidney Chromophobe","Primary Tumor"
"3132",0.470588235294118,0.0516129032258065,0.434097643493649,"Kidney Chromophobe","Primary Tumor"
"3133",0.470588235294118,0.0517799352750809,0.434118429243312,"Kidney Chromophobe","Primary Tumor"
"3134",0.470588235294118,0.051948051948052,0.434396604698968,"Kidney Chromophobe","Primary Tumor"
"3135",0.470588235294118,0.0521172638436482,0.435124422990694,"Kidney Chromophobe","Primary Tumor"
"3136",0.470588235294118,0.0522875816993464,0.435741345526225,"Kidney Chromophobe","Primary Tumor"
"3137",0.470588235294118,0.0524590163934426,0.43574811646728,"Kidney Chromophobe","Primary Tumor"
"3138",0.470588235294118,0.0526315789473684,0.435965897501224,"Kidney Chromophobe","Primary Tumor"
"3139",0.470588235294118,0.0528052805280528,0.436493821511696,"Kidney Chromophobe","Primary Tumor"
"3140",0.470588235294118,0.0529801324503311,0.437114066964224,"Kidney Chromophobe","Primary Tumor"
"3141",0.470588235294118,0.053156146179402,0.437981710377235,"Kidney Chromophobe","Primary Tumor"
"3142",0.470588235294118,0.0533333333333333,0.43837778432995,"Kidney Chromophobe","Primary Tumor"
"3143",0.441176470588235,0.0501672240802676,0.439312693328392,"Kidney Chromophobe","Primary Tumor"
"3144",0.441176470588235,0.0503355704697987,0.439366660614576,"Kidney Chromophobe","Primary Tumor"
"3145",0.441176470588235,0.0505050505050505,0.439943280157382,"Kidney Chromophobe","Primary Tumor"
"3146",0.441176470588235,0.0506756756756757,0.440702557046812,"Kidney Chromophobe","Primary Tumor"
"3147",0.441176470588235,0.0508474576271186,0.441544165176695,"Kidney Chromophobe","Primary Tumor"
"3148",0.441176470588235,0.0510204081632653,0.44161232642389,"Kidney Chromophobe","Primary Tumor"
"3149",0.411764705882353,0.0477815699658703,0.441667349039085,"Kidney Chromophobe","Primary Tumor"
"3150",0.411764705882353,0.0479452054794521,0.442327545564943,"Kidney Chromophobe","Primary Tumor"
"3151",0.411764705882353,0.0481099656357388,0.442464717172465,"Kidney Chromophobe","Primary Tumor"
"3152",0.411764705882353,0.0482758620689655,0.44282226005421,"Kidney Chromophobe","Primary Tumor"
"3153",0.411764705882353,0.0484429065743945,0.4428307562778,"Kidney Chromophobe","Primary Tumor"
"3154",0.411764705882353,0.0486111111111111,0.443277811646581,"Kidney Chromophobe","Primary Tumor"
"3155",0.411764705882353,0.0487804878048781,0.444165864607867,"Kidney Chromophobe","Primary Tumor"
"3156",0.411764705882353,0.048951048951049,0.444226929068547,"Kidney Chromophobe","Primary Tumor"
"3157",0.411764705882353,0.0491228070175439,0.44469621265298,"Kidney Chromophobe","Primary Tumor"
"3158",0.411764705882353,0.0492957746478873,0.447445324767183,"Kidney Chromophobe","Primary Tumor"
"3159",0.411764705882353,0.049469964664311,0.447959890613713,"Kidney Chromophobe","Primary Tumor"
"3160",0.411764705882353,0.049645390070922,0.448101438888033,"Kidney Chromophobe","Primary Tumor"
"3161",0.411764705882353,0.0498220640569395,0.448604620234889,"Kidney Chromophobe","Primary Tumor"
"3162",0.411764705882353,0.05,0.448716114084196,"Kidney Chromophobe","Primary Tumor"
"3163",0.411764705882353,0.0501792114695341,0.449606104147244,"Kidney Chromophobe","Primary Tumor"
"3164",0.411764705882353,0.0503597122302158,0.450050953119808,"Kidney Chromophobe","Primary Tumor"
"3165",0.411764705882353,0.0505415162454874,0.451136739984772,"Kidney Chromophobe","Primary Tumor"
"3166",0.411764705882353,0.0507246376811594,0.452284726326266,"Kidney Chromophobe","Primary Tumor"
"3167",0.411764705882353,0.0509090909090909,0.45230003875144,"Kidney Chromophobe","Primary Tumor"
"3168",0.411764705882353,0.0510948905109489,0.452461285440867,"Kidney Chromophobe","Primary Tumor"
"3169",0.411764705882353,0.0512820512820513,0.452680746254227,"Kidney Chromophobe","Primary Tumor"
"3170",0.411764705882353,0.0514705882352941,0.453376970145475,"Kidney Chromophobe","Primary Tumor"
"3171",0.411764705882353,0.0516605166051661,0.45399923083081,"Kidney Chromophobe","Primary Tumor"
"3172",0.411764705882353,0.0518518518518519,0.454040868186896,"Kidney Chromophobe","Primary Tumor"
"3173",0.411764705882353,0.0520446096654275,0.454919683842207,"Kidney Chromophobe","Primary Tumor"
"3174",0.411764705882353,0.0522388059701493,0.455457408588698,"Kidney Chromophobe","Primary Tumor"
"3175",0.411764705882353,0.052434456928839,0.457219411903017,"Kidney Chromophobe","Primary Tumor"
"3176",0.411764705882353,0.0526315789473684,0.457724139403432,"Kidney Chromophobe","Primary Tumor"
"3177",0.411764705882353,0.0528301886792453,0.459377952060457,"Kidney Chromophobe","Primary Tumor"
"3178",0.411764705882353,0.053030303030303,0.462068760040891,"Kidney Chromophobe","Primary Tumor"
"3179",0.411764705882353,0.0532319391634981,0.463585683844431,"Kidney Chromophobe","Primary Tumor"
"3180",0.411764705882353,0.0534351145038168,0.4637869721298,"Kidney Chromophobe","Primary Tumor"
"3181",0.411764705882353,0.053639846743295,0.464990149289893,"Kidney Chromophobe","Primary Tumor"
"3182",0.411764705882353,0.0538461538461538,0.466062770908967,"Kidney Chromophobe","Primary Tumor"
"3183",0.411764705882353,0.0540540540540541,0.466409994012911,"Kidney Chromophobe","Primary Tumor"
"3184",0.411764705882353,0.0542635658914729,0.467191546601106,"Kidney Chromophobe","Primary Tumor"
"3185",0.411764705882353,0.0544747081712062,0.467543229451787,"Kidney Chromophobe","Primary Tumor"
"3186",0.411764705882353,0.0546875,0.469011243882547,"Kidney Chromophobe","Primary Tumor"
"3187",0.411764705882353,0.0549019607843137,0.47075790187242,"Kidney Chromophobe","Primary Tumor"
"3188",0.411764705882353,0.0551181102362205,0.470827775256253,"Kidney Chromophobe","Primary Tumor"
"3189",0.411764705882353,0.0553359683794466,0.470885913128182,"Kidney Chromophobe","Primary Tumor"
"3190",0.411764705882353,0.0555555555555556,0.471190596578525,"Kidney Chromophobe","Primary Tumor"
"3191",0.411764705882353,0.0557768924302789,0.471567462800864,"Kidney Chromophobe","Primary Tumor"
"3192",0.411764705882353,0.056,0.472562098779218,"Kidney Chromophobe","Primary Tumor"
"3193",0.411764705882353,0.0562248995983936,0.473779393570402,"Kidney Chromophobe","Primary Tumor"
"3194",0.411764705882353,0.0564516129032258,0.475631218397043,"Kidney Chromophobe","Primary Tumor"
"3195",0.411764705882353,0.0566801619433198,0.47582983453437,"Kidney Chromophobe","Primary Tumor"
"3196",0.411764705882353,0.0569105691056911,0.477218943616542,"Kidney Chromophobe","Primary Tumor"
"3197",0.411764705882353,0.0571428571428571,0.477497206047047,"Kidney Chromophobe","Primary Tumor"
"3198",0.411764705882353,0.0573770491803279,0.477777599827793,"Kidney Chromophobe","Primary Tumor"
"3199",0.411764705882353,0.0576131687242798,0.478786465476818,"Kidney Chromophobe","Primary Tumor"
"3200",0.411764705882353,0.0578512396694215,0.479154349443021,"Kidney Chromophobe","Primary Tumor"
"3201",0.411764705882353,0.0580912863070539,0.479822207195055,"Kidney Chromophobe","Primary Tumor"
"3202",0.411764705882353,0.0583333333333333,0.480208336240189,"Kidney Chromophobe","Primary Tumor"
"3203",0.411764705882353,0.0585774058577406,0.480214477183076,"Kidney Chromophobe","Primary Tumor"
"3204",0.382352941176471,0.0546218487394958,0.480397213182223,"Kidney Chromophobe","Primary Tumor"
"3205",0.382352941176471,0.0548523206751055,0.48189240392013,"Kidney Chromophobe","Primary Tumor"
"3206",0.382352941176471,0.0550847457627119,0.482573316246366,"Kidney Chromophobe","Primary Tumor"
"3207",0.382352941176471,0.0553191489361702,0.483038403763469,"Kidney Chromophobe","Primary Tumor"
"3208",0.382352941176471,0.0555555555555556,0.484648877905724,"Kidney Chromophobe","Primary Tumor"
"3209",0.382352941176471,0.055793991416309,0.484775915148284,"Kidney Chromophobe","Primary Tumor"
"3210",0.382352941176471,0.0560344827586207,0.485701991533399,"Kidney Chromophobe","Primary Tumor"
"3211",0.382352941176471,0.0562770562770563,0.485886816590767,"Kidney Chromophobe","Primary Tumor"
"3212",0.382352941176471,0.0565217391304348,0.48590444601564,"Kidney Chromophobe","Primary Tumor"
"3213",0.382352941176471,0.0567685589519651,0.485949125291403,"Kidney Chromophobe","Primary Tumor"
"3214",0.382352941176471,0.0570175438596491,0.485959725848513,"Kidney Chromophobe","Primary Tumor"
"3215",0.382352941176471,0.0572687224669604,0.48738528288523,"Kidney Chromophobe","Primary Tumor"
"3216",0.382352941176471,0.0575221238938053,0.487633843829593,"Kidney Chromophobe","Primary Tumor"
"3217",0.382352941176471,0.0577777777777778,0.488366961454358,"Kidney Chromophobe","Primary Tumor"
"3218",0.382352941176471,0.0580357142857143,0.488724798124221,"Kidney Chromophobe","Primary Tumor"
"3219",0.382352941176471,0.0582959641255605,0.488850761911766,"Kidney Chromophobe","Primary Tumor"
"3220",0.382352941176471,0.0585585585585586,0.489317441186097,"Kidney Chromophobe","Primary Tumor"
"3221",0.352941176470588,0.0542986425339367,0.489776833072667,"Kidney Chromophobe","Primary Tumor"
"3222",0.352941176470588,0.0545454545454545,0.490755598987548,"Kidney Chromophobe","Primary Tumor"
"3223",0.352941176470588,0.0547945205479452,0.491135123422755,"Kidney Chromophobe","Primary Tumor"
"3224",0.352941176470588,0.055045871559633,0.491395552452285,"Kidney Chromophobe","Primary Tumor"
"3225",0.352941176470588,0.0552995391705069,0.492109365492219,"Kidney Chromophobe","Primary Tumor"
"3226",0.352941176470588,0.0555555555555556,0.492873940169883,"Kidney Chromophobe","Primary Tumor"
"3227",0.352941176470588,0.0558139534883721,0.492966918804114,"Kidney Chromophobe","Primary Tumor"
"3228",0.352941176470588,0.0560747663551402,0.493421604381566,"Kidney Chromophobe","Primary Tumor"
"3229",0.352941176470588,0.0563380281690141,0.496463102777318,"Kidney Chromophobe","Primary Tumor"
"3230",0.352941176470588,0.0566037735849057,0.496569929946852,"Kidney Chromophobe","Primary Tumor"
"3231",0.352941176470588,0.0568720379146919,0.498080071221059,"Kidney Chromophobe","Primary Tumor"
"3232",0.352941176470588,0.0571428571428571,0.498138798855671,"Kidney Chromophobe","Primary Tumor"
"3233",0.352941176470588,0.0574162679425837,0.500525031611324,"Kidney Chromophobe","Primary Tumor"
"3234",0.352941176470588,0.0576923076923077,0.500580999920331,"Kidney Chromophobe","Primary Tumor"
"3235",0.352941176470588,0.0579710144927536,0.501272409197681,"Kidney Chromophobe","Primary Tumor"
"3236",0.352941176470588,0.058252427184466,0.501505843257192,"Kidney Chromophobe","Primary Tumor"
"3237",0.352941176470588,0.0585365853658537,0.501612291778961,"Kidney Chromophobe","Primary Tumor"
"3238",0.352941176470588,0.0588235294117647,0.503210815735447,"Kidney Chromophobe","Primary Tumor"
"3239",0.352941176470588,0.0591133004926108,0.504178850436655,"Kidney Chromophobe","Primary Tumor"
"3240",0.352941176470588,0.0594059405940594,0.504179152834928,"Kidney Chromophobe","Primary Tumor"
"3241",0.352941176470588,0.0597014925373134,0.506198436075808,"Kidney Chromophobe","Primary Tumor"
"3242",0.352941176470588,0.06,0.506359999670037,"Kidney Chromophobe","Primary Tumor"
"3243",0.352941176470588,0.0603015075376884,0.507977013263368,"Kidney Chromophobe","Primary Tumor"
"3244",0.352941176470588,0.0606060606060606,0.50831268813778,"Kidney Chromophobe","Primary Tumor"
"3245",0.352941176470588,0.0609137055837563,0.509363742903592,"Kidney Chromophobe","Primary Tumor"
"3246",0.352941176470588,0.0612244897959184,0.509994956826097,"Kidney Chromophobe","Primary Tumor"
"3247",0.352941176470588,0.0615384615384615,0.510278861957447,"Kidney Chromophobe","Primary Tumor"
"3248",0.352941176470588,0.0618556701030928,0.51104574454717,"Kidney Chromophobe","Primary Tumor"
"3249",0.352941176470588,0.0621761658031088,0.511724023172411,"Kidney Chromophobe","Primary Tumor"
"3250",0.352941176470588,0.0625,0.512272260493423,"Kidney Chromophobe","Primary Tumor"
"3251",0.352941176470588,0.06282722513089,0.512396076459607,"Kidney Chromophobe","Primary Tumor"
"3252",0.352941176470588,0.0631578947368421,0.513365044888508,"Kidney Chromophobe","Primary Tumor"
"3253",0.352941176470588,0.0634920634920635,0.514232634913968,"Kidney Chromophobe","Primary Tumor"
"3254",0.352941176470588,0.0638297872340425,0.514381989670221,"Kidney Chromophobe","Primary Tumor"
"3255",0.352941176470588,0.0641711229946524,0.51465588692196,"Kidney Chromophobe","Primary Tumor"
"3256",0.352941176470588,0.0645161290322581,0.515566494223344,"Kidney Chromophobe","Primary Tumor"
"3257",0.352941176470588,0.0648648648648649,0.515590685041354,"Kidney Chromophobe","Primary Tumor"
"3258",0.352941176470588,0.0652173913043478,0.516084428972783,"Kidney Chromophobe","Primary Tumor"
"3259",0.352941176470588,0.0655737704918033,0.5172891270672,"Kidney Chromophobe","Primary Tumor"
"3260",0.352941176470588,0.0659340659340659,0.517439681748646,"Kidney Chromophobe","Primary Tumor"
"3261",0.352941176470588,0.0662983425414365,0.518532292955171,"Kidney Chromophobe","Primary Tumor"
"3262",0.352941176470588,0.0666666666666667,0.51989624822782,"Kidney Chromophobe","Primary Tumor"
"3263",0.323529411764706,0.0614525139664804,0.52042669090064,"Kidney Chromophobe","Primary Tumor"
"3264",0.323529411764706,0.0617977528089888,0.521617066183979,"Kidney Chromophobe","Primary Tumor"
"3265",0.323529411764706,0.0621468926553672,0.522142140651596,"Kidney Chromophobe","Primary Tumor"
"3266",0.323529411764706,0.0625,0.522143357123853,"Kidney Chromophobe","Primary Tumor"
"3267",0.323529411764706,0.0628571428571429,0.522146528457382,"Kidney Chromophobe","Primary Tumor"
"3268",0.323529411764706,0.0632183908045977,0.522733058399846,"Kidney Chromophobe","Primary Tumor"
"3269",0.323529411764706,0.0635838150289017,0.522947180687835,"Kidney Chromophobe","Primary Tumor"
"3270",0.323529411764706,0.063953488372093,0.524704444280232,"Kidney Chromophobe","Primary Tumor"
"3271",0.323529411764706,0.064327485380117,0.526227290877764,"Kidney Chromophobe","Primary Tumor"
"3272",0.323529411764706,0.0647058823529412,0.526542997234586,"Kidney Chromophobe","Primary Tumor"
"3273",0.323529411764706,0.0650887573964497,0.527037589331049,"Kidney Chromophobe","Primary Tumor"
"3274",0.323529411764706,0.0654761904761905,0.52923195480955,"Kidney Chromophobe","Primary Tumor"
"3275",0.323529411764706,0.0658682634730539,0.530032521314258,"Kidney Chromophobe","Primary Tumor"
"3276",0.323529411764706,0.0662650602409639,0.531206534222521,"Kidney Chromophobe","Primary Tumor"
"3277",0.323529411764706,0.0666666666666667,0.531454068756649,"Kidney Chromophobe","Primary Tumor"
"3278",0.323529411764706,0.0670731707317073,0.531507241270845,"Kidney Chromophobe","Primary Tumor"
"3279",0.323529411764706,0.0674846625766871,0.531938009421005,"Kidney Chromophobe","Primary Tumor"
"3280",0.323529411764706,0.0679012345679012,0.532158368913943,"Kidney Chromophobe","Primary Tumor"
"3281",0.323529411764706,0.0683229813664596,0.533266226369813,"Kidney Chromophobe","Primary Tumor"
"3282",0.323529411764706,0.06875,0.533731085122755,"Kidney Chromophobe","Primary Tumor"
"3283",0.323529411764706,0.0691823899371069,0.533870863106177,"Kidney Chromophobe","Primary Tumor"
"3284",0.323529411764706,0.069620253164557,0.53441518817648,"Kidney Chromophobe","Primary Tumor"
"3285",0.323529411764706,0.0700636942675159,0.535282492086046,"Kidney Chromophobe","Primary Tumor"
"3286",0.323529411764706,0.0705128205128205,0.535762790456233,"Kidney Chromophobe","Primary Tumor"
"3287",0.323529411764706,0.0709677419354839,0.536505953215892,"Kidney Chromophobe","Primary Tumor"
"3288",0.323529411764706,0.0714285714285714,0.537053476500375,"Kidney Chromophobe","Primary Tumor"
"3289",0.323529411764706,0.0718954248366013,0.537079229362633,"Kidney Chromophobe","Primary Tumor"
"3290",0.323529411764706,0.0723684210526316,0.538553122411602,"Kidney Chromophobe","Primary Tumor"
"3291",0.323529411764706,0.0728476821192053,0.539140375106151,"Kidney Chromophobe","Primary Tumor"
"3292",0.323529411764706,0.0733333333333333,0.539152411447205,"Kidney Chromophobe","Primary Tumor"
"3293",0.323529411764706,0.0738255033557047,0.543504943400884,"Kidney Chromophobe","Primary Tumor"
"3294",0.323529411764706,0.0743243243243243,0.543547806608973,"Kidney Chromophobe","Primary Tumor"
"3295",0.323529411764706,0.0748299319727891,0.544892968564259,"Kidney Chromophobe","Primary Tumor"
"3296",0.323529411764706,0.0753424657534247,0.545422771987935,"Kidney Chromophobe","Primary Tumor"
"3297",0.323529411764706,0.0758620689655172,0.548846906121171,"Kidney Chromophobe","Primary Tumor"
"3298",0.323529411764706,0.0763888888888889,0.549900802043385,"Kidney Chromophobe","Primary Tumor"
"3299",0.323529411764706,0.0769230769230769,0.549924409059896,"Kidney Chromophobe","Primary Tumor"
"3300",0.323529411764706,0.0774647887323944,0.55056366238288,"Kidney Chromophobe","Primary Tumor"
"3301",0.323529411764706,0.0780141843971631,0.550785454692476,"Kidney Chromophobe","Primary Tumor"
"3302",0.323529411764706,0.0785714285714286,0.550847720522752,"Kidney Chromophobe","Primary Tumor"
"3303",0.323529411764706,0.079136690647482,0.551487835560577,"Kidney Chromophobe","Primary Tumor"
"3304",0.323529411764706,0.0797101449275362,0.552611205151809,"Kidney Chromophobe","Primary Tumor"
"3305",0.323529411764706,0.0802919708029197,0.554423397719006,"Kidney Chromophobe","Primary Tumor"
"3306",0.323529411764706,0.0808823529411765,0.554793195015564,"Kidney Chromophobe","Primary Tumor"
"3307",0.323529411764706,0.0814814814814815,0.555756406692585,"Kidney Chromophobe","Primary Tumor"
"3308",0.323529411764706,0.082089552238806,0.556081590622631,"Kidney Chromophobe","Primary Tumor"
"3309",0.323529411764706,0.0827067669172932,0.559970853843885,"Kidney Chromophobe","Primary Tumor"
"3310",0.323529411764706,0.0833333333333333,0.560533424583808,"Kidney Chromophobe","Primary Tumor"
"3311",0.323529411764706,0.083969465648855,0.561324398178154,"Kidney Chromophobe","Primary Tumor"
"3312",0.323529411764706,0.0846153846153846,0.564689911088128,"Kidney Chromophobe","Primary Tumor"
"3313",0.323529411764706,0.0852713178294574,0.565649824114537,"Kidney Chromophobe","Primary Tumor"
"3314",0.323529411764706,0.0859375,0.566198517195423,"Kidney Chromophobe","Primary Tumor"
"3315",0.323529411764706,0.0866141732283465,0.567499816356893,"Kidney Chromophobe","Primary Tumor"
"3316",0.323529411764706,0.0873015873015873,0.569788982148779,"Kidney Chromophobe","Primary Tumor"
"3317",0.323529411764706,0.088,0.573478224616551,"Kidney Chromophobe","Primary Tumor"
"3318",0.323529411764706,0.0887096774193548,0.578220352659994,"Kidney Chromophobe","Primary Tumor"
"3319",0.323529411764706,0.0894308943089431,0.578695110668799,"Kidney Chromophobe","Primary Tumor"
"3320",0.323529411764706,0.0901639344262295,0.579055781602226,"Kidney Chromophobe","Primary Tumor"
"3321",0.323529411764706,0.0909090909090909,0.579488949380396,"Kidney Chromophobe","Primary Tumor"
"3322",0.323529411764706,0.0916666666666667,0.582770858440108,"Kidney Chromophobe","Primary Tumor"
"3323",0.323529411764706,0.092436974789916,0.585734392850892,"Kidney Chromophobe","Primary Tumor"
"3324",0.323529411764706,0.0932203389830508,0.586289049306754,"Kidney Chromophobe","Primary Tumor"
"3325",0.323529411764706,0.094017094017094,0.588440088529113,"Kidney Chromophobe","Primary Tumor"
"3326",0.323529411764706,0.0948275862068965,0.589695097768554,"Kidney Chromophobe","Primary Tumor"
"3327",0.323529411764706,0.0956521739130435,0.590206144194181,"Kidney Chromophobe","Primary Tumor"
"3328",0.323529411764706,0.0964912280701754,0.590349516447486,"Kidney Chromophobe","Primary Tumor"
"3329",0.323529411764706,0.0973451327433628,0.590493472375392,"Kidney Chromophobe","Primary Tumor"
"3330",0.323529411764706,0.0982142857142857,0.590744050626864,"Kidney Chromophobe","Primary Tumor"
"3331",0.323529411764706,0.0990990990990991,0.590884649203149,"Kidney Chromophobe","Primary Tumor"
"3332",0.323529411764706,0.1,0.591670881886735,"Kidney Chromophobe","Primary Tumor"
"3333",0.323529411764706,0.100917431192661,0.594619619455636,"Kidney Chromophobe","Primary Tumor"
"3334",0.323529411764706,0.101851851851852,0.595761131729992,"Kidney Chromophobe","Primary Tumor"
"3335",0.323529411764706,0.102803738317757,0.595980441913725,"Kidney Chromophobe","Primary Tumor"
"3336",0.323529411764706,0.10377358490566,0.600373139187078,"Kidney Chromophobe","Primary Tumor"
"3337",0.323529411764706,0.104761904761905,0.602276491453064,"Kidney Chromophobe","Primary Tumor"
"3338",0.323529411764706,0.105769230769231,0.604595534098166,"Kidney Chromophobe","Primary Tumor"
"3339",0.323529411764706,0.106796116504854,0.604892486236346,"Kidney Chromophobe","Primary Tumor"
"3340",0.323529411764706,0.107843137254902,0.605093285863496,"Kidney Chromophobe","Primary Tumor"
"3341",0.323529411764706,0.108910891089109,0.606596232105716,"Kidney Chromophobe","Primary Tumor"
"3342",0.323529411764706,0.11,0.607423591955164,"Kidney Chromophobe","Primary Tumor"
"3343",0.323529411764706,0.111111111111111,0.608228606426003,"Kidney Chromophobe","Primary Tumor"
"3344",0.323529411764706,0.112244897959184,0.608365475731005,"Kidney Chromophobe","Primary Tumor"
"3345",0.323529411764706,0.11340206185567,0.611616540916559,"Kidney Chromophobe","Primary Tumor"
"3346",0.323529411764706,0.114583333333333,0.613504424289392,"Kidney Chromophobe","Primary Tumor"
"3347",0.323529411764706,0.115789473684211,0.61846922783906,"Kidney Chromophobe","Primary Tumor"
"3348",0.323529411764706,0.117021276595745,0.621981867138353,"Kidney Chromophobe","Primary Tumor"
"3349",0.323529411764706,0.118279569892473,0.622036044059578,"Kidney Chromophobe","Primary Tumor"
"3350",0.323529411764706,0.119565217391304,0.624068343839591,"Kidney Chromophobe","Primary Tumor"
"3351",0.323529411764706,0.120879120879121,0.626726698229619,"Kidney Chromophobe","Primary Tumor"
"3352",0.323529411764706,0.122222222222222,0.627432432757285,"Kidney Chromophobe","Primary Tumor"
"3353",0.323529411764706,0.123595505617978,0.627883411211671,"Kidney Chromophobe","Primary Tumor"
"3354",0.323529411764706,0.125,0.628027624668667,"Kidney Chromophobe","Primary Tumor"
"3355",0.323529411764706,0.126436781609195,0.630288258540241,"Kidney Chromophobe","Primary Tumor"
"3356",0.323529411764706,0.127906976744186,0.632946824685749,"Kidney Chromophobe","Primary Tumor"
"3357",0.323529411764706,0.129411764705882,0.633772227743556,"Kidney Chromophobe","Primary Tumor"
"3358",0.323529411764706,0.130952380952381,0.635417200552174,"Kidney Chromophobe","Primary Tumor"
"3359",0.323529411764706,0.132530120481928,0.636138756046928,"Kidney Chromophobe","Primary Tumor"
"3360",0.323529411764706,0.134146341463415,0.641067039846886,"Kidney Chromophobe","Primary Tumor"
"3361",0.323529411764706,0.135802469135802,0.643905345674277,"Kidney Chromophobe","Primary Tumor"
"3362",0.323529411764706,0.1375,0.646147767463522,"Kidney Chromophobe","Primary Tumor"
"3363",0.323529411764706,0.139240506329114,0.646941015736803,"Kidney Chromophobe","Primary Tumor"
"3364",0.323529411764706,0.141025641025641,0.652397124957451,"Kidney Chromophobe","Primary Tumor"
"3365",0.323529411764706,0.142857142857143,0.652772532400743,"Kidney Chromophobe","Primary Tumor"
"3366",0.323529411764706,0.144736842105263,0.653680053937189,"Kidney Chromophobe","Primary Tumor"
"3367",0.323529411764706,0.146666666666667,0.655914728267877,"Kidney Chromophobe","Primary Tumor"
"3368",0.323529411764706,0.148648648648649,0.657613110962374,"Kidney Chromophobe","Primary Tumor"
"3369",0.323529411764706,0.150684931506849,0.658338317562912,"Kidney Chromophobe","Primary Tumor"
"3370",0.323529411764706,0.152777777777778,0.658539064677487,"Kidney Chromophobe","Primary Tumor"
"3371",0.323529411764706,0.154929577464789,0.659360729321696,"Kidney Chromophobe","Primary Tumor"
"3372",0.294117647058824,0.142857142857143,0.660088823185125,"Kidney Chromophobe","Primary Tumor"
"3373",0.294117647058824,0.144927536231884,0.660097810407911,"Kidney Chromophobe","Primary Tumor"
"3374",0.294117647058824,0.147058823529412,0.666191419336249,"Kidney Chromophobe","Primary Tumor"
"3375",0.294117647058824,0.149253731343284,0.666912725859211,"Kidney Chromophobe","Primary Tumor"
"3376",0.294117647058824,0.151515151515152,0.669329063997085,"Kidney Chromophobe","Primary Tumor"
"3377",0.294117647058824,0.153846153846154,0.671055117973012,"Kidney Chromophobe","Primary Tumor"
"3378",0.294117647058824,0.15625,0.67240616730035,"Kidney Chromophobe","Primary Tumor"
"3379",0.294117647058824,0.158730158730159,0.673895478176698,"Kidney Chromophobe","Primary Tumor"
"3380",0.294117647058824,0.161290322580645,0.675539957864563,"Kidney Chromophobe","Primary Tumor"
"3381",0.294117647058824,0.163934426229508,0.67631761580699,"Kidney Chromophobe","Primary Tumor"
"3382",0.294117647058824,0.166666666666667,0.677246882276958,"Kidney Chromophobe","Primary Tumor"
"3383",0.294117647058824,0.169491525423729,0.678892651470596,"Kidney Chromophobe","Primary Tumor"
"3384",0.294117647058824,0.172413793103448,0.681394528918504,"Kidney Chromophobe","Primary Tumor"
"3385",0.294117647058824,0.175438596491228,0.6825708470759,"Kidney Chromophobe","Primary Tumor"
"3386",0.294117647058824,0.178571428571429,0.683886525279377,"Kidney Chromophobe","Primary Tumor"
"3387",0.294117647058824,0.181818181818182,0.685543929736513,"Kidney Chromophobe","Primary Tumor"
"3388",0.294117647058824,0.185185185185185,0.687984456953396,"Kidney Chromophobe","Primary Tumor"
"3389",0.294117647058824,0.188679245283019,0.688028587281778,"Kidney Chromophobe","Primary Tumor"
"3390",0.294117647058824,0.192307692307692,0.688645138593081,"Kidney Chromophobe","Primary Tumor"
"3391",0.294117647058824,0.196078431372549,0.690800669845055,"Kidney Chromophobe","Primary Tumor"
"3392",0.294117647058824,0.2,0.691080983705346,"Kidney Chromophobe","Primary Tumor"
"3393",0.294117647058824,0.204081632653061,0.692163828559521,"Kidney Chromophobe","Primary Tumor"
"3394",0.294117647058824,0.208333333333333,0.693151607363678,"Kidney Chromophobe","Primary Tumor"
"3395",0.294117647058824,0.212765957446809,0.696925429285445,"Kidney Chromophobe","Primary Tumor"
"3396",0.294117647058824,0.217391304347826,0.70654727697124,"Kidney Chromophobe","Primary Tumor"
"3397",0.294117647058824,0.222222222222222,0.708677081851812,"Kidney Chromophobe","Primary Tumor"
"3398",0.294117647058824,0.227272727272727,0.7095987671268,"Kidney Chromophobe","Primary Tumor"
"3399",0.294117647058824,0.232558139534884,0.710913187233276,"Kidney Chromophobe","Primary Tumor"
"3400",0.294117647058824,0.238095238095238,0.712770344351216,"Kidney Chromophobe","Primary Tumor"
"3401",0.294117647058824,0.24390243902439,0.714119158935,"Kidney Chromophobe","Primary Tumor"
"3402",0.294117647058824,0.25,0.715226407678638,"Kidney Chromophobe","Primary Tumor"
"3403",0.294117647058824,0.256410256410256,0.716250435659449,"Kidney Chromophobe","Primary Tumor"
"3404",0.294117647058824,0.263157894736842,0.718115342374559,"Kidney Chromophobe","Primary Tumor"
"3405",0.294117647058824,0.27027027027027,0.72530425864655,"Kidney Chromophobe","Primary Tumor"
"3406",0.294117647058824,0.277777777777778,0.735935933057638,"Kidney Chromophobe","Primary Tumor"
"3407",0.294117647058824,0.285714285714286,0.739336229860765,"Kidney Chromophobe","Primary Tumor"
"3408",0.294117647058824,0.294117647058824,0.746801512909638,"Kidney Chromophobe","Primary Tumor"
"3409",0.294117647058824,0.303030303030303,0.747472339939415,"Kidney Chromophobe","Primary Tumor"
"3410",0.294117647058824,0.3125,0.749945998070129,"Kidney Chromophobe","Primary Tumor"
"3411",0.294117647058824,0.32258064516129,0.755602823335209,"Kidney Chromophobe","Primary Tumor"
"3412",0.264705882352941,0.3,0.757306813719341,"Kidney Chromophobe","Primary Tumor"
"3413",0.264705882352941,0.310344827586207,0.766124913118109,"Kidney Chromophobe","Primary Tumor"
"3414",0.264705882352941,0.321428571428571,0.771581030867951,"Kidney Chromophobe","Primary Tumor"
"3415",0.264705882352941,0.333333333333333,0.771617105498028,"Kidney Chromophobe","Primary Tumor"
"3416",0.264705882352941,0.346153846153846,0.777118834780929,"Kidney Chromophobe","Primary Tumor"
"3417",0.264705882352941,0.36,0.792879467593053,"Kidney Chromophobe","Primary Tumor"
"3418",0.235294117647059,0.333333333333333,0.794277792569728,"Kidney Chromophobe","Primary Tumor"
"3419",0.235294117647059,0.347826086956522,0.805138394498759,"Kidney Chromophobe","Primary Tumor"
"3420",0.235294117647059,0.363636363636364,0.815875604388397,"Kidney Chromophobe","Primary Tumor"
"3421",0.235294117647059,0.380952380952381,0.827221694471403,"Kidney Chromophobe","Primary Tumor"
"3422",0.235294117647059,0.4,0.864291483934991,"Kidney Chromophobe","Primary Tumor"
"3423",0.205882352941176,0.368421052631579,0.877543689282234,"Kidney Chromophobe","Primary Tumor"
"3424",0.176470588235294,0.333333333333333,0.905305239460285,"Kidney Chromophobe","Primary Tumor"
"3425",0.147058823529412,0.294117647058824,0.906582671675134,"Kidney Chromophobe","Primary Tumor"
"3426",0.147058823529412,0.3125,0.907118617242216,"Kidney Chromophobe","Primary Tumor"
"3427",0.147058823529412,0.333333333333333,0.911826182212777,"Kidney Chromophobe","Primary Tumor"
"3428",0.117647058823529,0.285714285714286,0.913254206454489,"Kidney Chromophobe","Primary Tumor"
"3429",0.117647058823529,0.307692307692308,0.915750060212566,"Kidney Chromophobe","Primary Tumor"
"3430",0.117647058823529,0.333333333333333,0.92132712915709,"Kidney Chromophobe","Primary Tumor"
"3431",0.117647058823529,0.363636363636364,0.921911984307009,"Kidney Chromophobe","Primary Tumor"
"3432",0.117647058823529,0.4,0.923839125258014,"Kidney Chromophobe","Primary Tumor"
"3433",0.117647058823529,0.444444444444444,0.925921675556989,"Kidney Chromophobe","Primary Tumor"
"3434",0.117647058823529,0.5,0.940228962847007,"Kidney Chromophobe","Primary Tumor"
"3435",0.117647058823529,0.571428571428571,0.944398228170365,"Kidney Chromophobe","Primary Tumor"
"3436",0.0882352941176471,0.5,0.947488514604923,"Kidney Chromophobe","Primary Tumor"
"3437",0.0882352941176471,0.6,0.967431147371344,"Kidney Chromophobe","Primary Tumor"
"3438",0.0882352941176471,0.75,0.967559590658667,"Kidney Chromophobe","Primary Tumor"
"3439",0.0588235294117647,0.666666666666667,0.968217904700657,"Kidney Chromophobe","Primary Tumor"
"3440",0.0588235294117647,1,0.973746410083296,"Kidney Chromophobe","Primary Tumor"
"3441",0.0294117647058824,1,0.974771706879874,"Kidney Chromophobe","Primary Tumor"
"3442",0,1,0.974771706879874,"Kidney Chromophobe","Primary Tumor"
